intensities,wavelengths
-1.8296923475317883,247.76552
-10.08642425728481,247.8419916626033
-23.502440180053686,247.9184570784132
-23.502440180053686,247.9949162474297
-18.342604086411882,248.0713691696528
-10.08642425728481,248.1478158450825
-20.406563847280086,248.22425627371882
-27.630157887237765,248.30069045556172
-12.150520619364725,248.3771183906112
-23.502440180053686,248.4535400788673
-12.150520619364725,248.52995552033002
-20.406563847280086,248.6063647149993
-21.438531047709738,248.68276766287522
-33.82148529412408,248.7591643639577
11.588697267551765,248.8355548182468
2.298883422970985,248.9119390257425
17.78230993889869,248.9883169864448
13.653198724729803,249.0646887003537
16.750018557793673,249.1410541674692
27.07334277588239,249.2174133877913
34.30021728981425,249.29376636132
30.170519096634848,249.37011308805532
39.46254992796374,249.44645356799722
53.91833686247419,249.5227878011457
61.14693315122353,249.5991157875008
54.95096458203546,249.6754375270625
77.67122888391881,249.7517530198308
68.37600419373781,249.82806226580573
59.08157168081716,249.9043652649872
66.31050661668898,249.9806620173753
84.90140164028206,250.05695252297002
78.7040809285857,250.1332367817713
70.44154089219359,250.20951479377922
74.57273206094139,250.2857865589937
75.60555446244624,250.3620520774148
70.44154089219359,250.43831134904252
78.7040809285857,250.51456437387682
95.23106896817144,250.59081115191773
97.2971231931485,250.6670516831652
93.16505511830816,250.7432859676193
88.00019653670171,250.81951400528
91.09908155277441,250.8957357961473
92.13206330571057,250.9719513402212
93.16505511830816,251.0481606375017
96.26409102813317,251.1243636879888
93.16505511830816,251.2005604916825
90.06610984800567,251.2767510485828
107.6280030570784,251.35293535868973
107.6280030570784,251.42911342200318
109.69430138717549,251.5052852385233
110.72746591622862,251.58145080825
106.59486923495757,251.6576101311833
76.6383867326456,251.73376320732322
90.06610984800567,251.8099100366697
91.09908155277441,251.8860506192228
98.33016547441987,251.96218495498252
92.13206330571057,252.03831304394882
90.06610984800567,252.11443488612173
105.5617456273083,252.1905504815012
92.13206330571057,252.2666598300873
100.39628043025,252.34276293188
96.26409102813317,252.41885978687932
102.46243598408216,252.49495039508523
78.7040809285857,252.5710347564977
82.83558828550694,252.6471128711168
98.33016547441987,252.7231847389425
107.6280030570784,252.79925035997482
111.76064070190729,252.87530973421372
104.52863222344862,252.9513628616592
106.59486923495757,253.0274097423113
99.36321788309161,253.10345037617
74.57273206094139,253.1794847632353
79.7369428789066,253.25551290350722
90.06610984800567,253.3315347969857
91.09908155277441,253.4075504436708
91.09908155277441,253.48355984356252
91.09908155277441,253.55956299666082
108.66114710429534,253.63555990296572
101.42935312692337,253.71155056247719
114.86022670236383,253.7875349751953
100.39628043025,253.86351314112
81.80269654525516,253.93948506025131
88.00019653670171,254.01545073258922
83.86848997986118,254.0914101581337
82.83558828550694,254.1673633368848
91.09908155277441,254.24331026884252
91.09908155277441,254.3192509540068
98.33016547441987,254.39518539237773
97.2971231931485,254.4711135839552
91.09908155277441,254.54703552873931
79.7369428789066,254.62295122673
89.03314817985182,254.6988606779273
91.09908155277441,254.77476388233123
112.79382575460676,254.8506608399417
100.39628043025,254.9265515507588
71.47432394390646,255.00243601478252
81.80269654525516,255.07831423201281
77.67122888391881,255.15418620244972
80.76981474708253,255.2300519260932
89.03314817985182,255.3059114029433
92.13206330571057,255.38176463300002
60.11424757811332,255.4576116162633
69.40876764638334,255.5334523527332
73.53991951569216,255.6092868424097
74.57273206094139,255.6851150852928
72.50711681419995,255.7609370813825
83.86848997986118,255.83675283067882
58.04890544599375,255.9125623331817
71.47432394390646,255.9883655888912
64.2450480579421,256.06416259780735
97.2971231931485,256.13995335993
107.6280030570784,256.21573787525926
89.03314817985182,256.2915161437952
82.83558828550694,256.3672881655377
95.23106896817144,256.4430539404868
99.36321788309161,256.5188134686425
83.86848997986118,256.5945667500048
94.19805700200273,256.6703137845737
78.7040809285857,256.74605457234924
72.50711681419995,256.8217891133313
84.90140164028206,256.89751740752
81.80269654525516,256.9732394549153
81.80269654525516,257.04895525551717
86.96725490688553,257.1246648093257
80.76981474708253,257.2003681163408
78.7040809285857,257.2760651765625
92.13206330571057,257.3517559899908
103.49552901263895,257.4274405566257
74.57273206094139,257.5031188764672
76.6383867326456,257.57879094951534
90.06610984800567,257.65445677577003
91.09908155277441,257.7301163552313
96.26409102813317,257.8057696878992
101.42935312692337,257.8814167737737
89.03314817985182,257.9570576128548
92.13206330571057,258.0326922051425
84.90140164028206,258.1083205506368
91.09908155277441,258.1839426493377
99.36321788309161,258.25955850124524
92.13206330571057,258.33516810635933
65.27777246650949,258.41077146468
99.36321788309161,258.48636857620727
113.82702108466523,258.56195944094117
118.99315225318888,258.6375440588817
95.23106896817144,258.7131224300288
89.03314817985182,258.7886945543825
68.37600419373781,258.8642604319428
91.09908155277441,258.9398200627097
93.16505511830816,259.0153734466832
85.93432327867477,259.09092058386335
88.00019653670171,259.16646147425
100.39628043025,259.2419961178433
97.2971231931485,259.3175245146432
84.90140164028206,259.3930466646497
78.7040809285857,259.4685625678628
81.80269654525516,259.5440722242825
95.23106896817144,259.6195756339088
107.6280030570784,259.6950727967417
136.55993872413686,259.7705637127812
130.35955230202617,259.84604838202733
130.35955230202617,259.92152680448004
103.49552901263895,259.99699898013927
74.57273206094139,260.0724649090052
81.80269654525516,260.1479245910777
79.7369428789066,260.2233780263568
85.93432327867477,260.2988252148425
111.76064070190729,260.3742661565348
89.03314817985182,260.4497008514337
112.79382575460676,260.52512929953923
100.39628043025,260.60055150085134
99.36321788309161,260.67596745537
84.90140164028206,260.7513771630953
84.90140164028206,260.8267806240272
92.13206330571057,260.9021778381657
77.67122888391881,260.9775688055108
99.36321788309161,261.0529535260625
129.32619117457938,261.12833199982083
91.09908155277441,261.2037042267857
126.22617036479022,261.2790702069572
91.09908155277441,261.3544299403353
84.90140164028206,261.42978342692004
93.16505511830816,261.5051306667113
81.80269654525516,261.5804716597092
103.49552901263895,261.6558064059137
97.2971231931485,261.7311349053248
95.23106896817144,261.80645715794253
91.09908155277441,261.8817731637668
94.19805700200273,261.9570829227977
88.00019653670171,262.0323864350352
90.06610984800567,262.10768370047936
96.26409102813317,262.18297471913
78.7040809285857,262.2582594909873
95.23106896817144,262.3335380160512
91.09908155277441,262.4088102943217
117.95990538325727,262.4840763257988
107.6280030570784,262.5593361104825
93.16505511830816,262.6345896483728
99.36321788309161,262.7098369394697
91.09908155277441,262.78507798377325
109.69430138717549,262.8603127812833
108.66114710429534,262.935541332
142.76070312345237,263.0107636359233
143.7942007397226,263.0859796930532
94.19805700200273,263.1611895033897
88.00019653670171,263.2363930669328
98.33016547441987,263.3115903836825
83.86848997986118,263.38678145363883
90.06610984800567,263.4619662768017
96.26409102813317,263.53714485317124
78.7040809285857,263.61231718274735
106.59486923495757,263.68748326553
72.50711681419995,263.7626431015193
74.57273206094139,263.8377966907152
82.83558828550694,263.9129440331177
88.00019653670171,263.9880851287268
85.93432327867477,264.06321997754253
93.16505511830816,264.1383485795648
106.59486923495757,264.21347093479375
105.5617456273083,264.2885870432292
70.44154089219359,264.36369690487135
89.03314817985182,264.43880051972
88.00019653670171,264.5138978877753
82.83558828550694,264.58898900903716
105.5617456273083,264.6640738835057
91.09908155277441,264.7391525111808
79.7369428789066,264.8142248920625
95.23106896817144,264.88929102615083
83.86848997986118,264.96435091344574
74.57273206094139,265.03940455394724
82.83558828550694,265.1144519476553
90.06610984800567,265.18949309457
79.7369428789066,265.26452799469126
81.80269654525516,265.3395566480192
84.90140164028206,265.4145790545537
72.50711681419995,265.4895952142948
79.7369428789066,265.5646051272425
93.16505511830816,265.6396087933968
94.19805700200273,265.7146062127577
91.09908155277441,265.78959738532524
75.60555446244624,265.86458231109935
95.23106896817144,265.93956099008005
97.2971231931485,266.0145334222673
74.57273206094139,266.0894996076612
99.36321788309161,266.1644595462617
84.90140164028206,266.2394132380688
90.06610984800567,266.3143606830825
95.23106896817144,266.3893018813028
82.83558828550694,266.46423683272974
100.39628043025,266.5391655373632
101.42935312692337,266.6140879952033
101.42935312692337,266.68900420625005
74.57273206094139,266.7639141705033
85.93432327867477,266.8388178879632
96.26409102813317,266.9137153586297
82.83558828550694,266.9886065825028
82.83558828550694,267.06349155958253
83.86848997986118,267.1383702898688
71.47432394390646,267.21324277336174
85.93432327867477,267.28810901006125
77.67122888391881,267.36296899996734
94.19805700200273,267.43782274308006
92.13206330571057,267.5126702393993
99.36321788309161,267.5875114889252
99.36321788309161,267.6623464916577
74.57273206094139,267.7371752475968
90.06610984800567,267.8119977567425
103.49552901263895,267.8868140190948
85.93432327867477,267.9616240346537
90.06610984800567,268.0364278034192
86.96725490688553,268.11122532539133
78.7040809285857,268.18601660057004
80.76981474708253,268.2608016289553
90.06610984800567,268.3355804105472
80.76981474708253,268.4103529453457
94.19805700200273,268.4851192333508
85.93432327867477,268.5598792745625
98.33016547441987,268.6346330689808
94.19805700200273,268.7093806166057
76.6383867326456,268.78412191743723
99.36321788309161,268.85885697147535
95.23106896817144,268.93358577872004
79.7369428789066,269.00830833917126
80.76981474708253,269.0830246528292
83.86848997986118,269.1577347196937
83.86848997986118,269.2324385397648
99.36321788309161,269.30713611304253
94.19805700200273,269.38182743952683
103.49552901263895,269.4565125192177
89.03314817985182,269.53119135211523
90.06610984800567,269.60586393821933
90.06610984800567,269.68053027753
108.66114710429534,269.7551903700473
105.5617456273083,269.8298442157712
90.06610984800567,269.9044918147017
100.39628043025,269.9791331668388
92.13206330571057,270.0537682721825
86.96725490688553,270.1283971307328
95.23106896817144,270.20301974248974
83.86848997986118,270.27763610745325
96.26409102813317,270.35224622562333
98.33016547441987,270.42685009700006
93.16505511830816,270.5014477215833
105.5617456273083,270.5760390993732
86.96725490688553,270.6506242303697
106.59486923495757,270.7252031145728
104.52863222344862,270.7997757519825
84.90140164028206,270.87434214259883
115.89344261792671,270.94890228642174
103.49552901263895,271.02345618345123
94.19805700200273,271.09800383368736
92.13206330571057,271.17254523713
105.5617456273083,271.2470803937793
100.39628043025,271.32160930363517
111.76064070190729,271.3961319666977
100.39628043025,271.47064838296683
93.16505511830816,271.5451585524425
101.42935312692337,271.6196624751248
100.39628043025,271.6941601510137
117.95990538325727,271.76865158010924
96.26409102813317,271.84313676241135
104.52863222344862,271.91761569792004
98.33016547441987,271.99208838663526
83.86848997986118,272.0665548285572
114.86022670236383,272.14101502368567
105.5617456273083,272.2154689720208
82.83558828550694,272.2899166735625
99.36321788309161,272.3643581283108
103.49552901263895,272.43879333626575
104.52863222344862,272.5132222974272
115.89344261792671,272.5876450117953
98.33016547441987,272.66206147937004
89.03314817985182,272.7364717001513
101.42935312692337,272.8108756741392
97.2971231931485,272.8852734013337
100.39628043025,272.9596648817348
88.00019653670171,273.0340501153425
97.2971231931485,273.10842910215683
89.03314817985182,273.1828018421777
91.09908155277441,273.2571683354052
103.49552901263895,273.33152858183934
89.03314817985182,273.40588258148006
103.49552901263895,273.4802303343273
104.52863222344862,273.5545718403812
111.76064070190729,273.6289070996417
95.23106896817144,273.7032361121088
115.89344261792671,273.7775588777825
144.8277089172748,273.8518753966628
151.0289802473432,273.9261856687497
127.25950021542295,274.0004896940432
122.09295493184176,274.07478747254333
125.19285092074567,274.14907900425004
120.02640946131278,274.22336428916327
130.35955230202617,274.2976433272832
108.66114710429534,274.3719161186097
124.15954187368747,274.4461826631428
138.6268180972371,274.5204429608825
155.1633734284639,274.5946970118288
169.63509510984304,274.6689448159817
142.76070312345237,274.74318637334125
132.42630589954476,274.81742168390736
173.77025919491786,274.89165074768005
133.45969838820412,274.96587356465926
103.49552901263895,275.0400901348452
103.49552901263895,275.1143004582377
105.5617456273083,275.1885045348368
121.0596770175692,275.2627023646425
139.66027355549423,275.3368939476548
121.0596770175692,275.41107928387373
171.70265560353752,275.48525837329925
160.33160465299227,275.55943121593134
125.19285092074567,275.63359781177
127.25950021542295,275.7077581608153
102.46243598408216,275.78191226306717
94.19805700200273,275.8560601185257
102.46243598408216,275.9302017271908
97.2971231931485,276.0043370890625
98.33016547441987,276.0784662041408
112.79382575460676,276.1525890724257
113.82702108466523,276.2267056939172
106.59486923495757,276.30081606861535
97.2971231931485,276.37492019652
93.16505511830816,276.4490180776313
99.36321788309161,276.5231097119492
113.82702108466523,276.5971950994737
121.0596770175692,276.6712742402048
99.36321788309161,276.7453471341425
97.2971231931485,276.8194137812868
80.76981474708253,276.8934741816377
111.76064070190729,276.9675283351952
111.76064070190729,277.0415762419593
120.02640946131278,277.11561790193
104.52863222344862,277.1896533151073
103.49552901263895,277.2636824814912
120.02640946131278,277.3377054010817
101.42935312692337,277.4117220738788
101.42935312692337,277.4857324998825
93.16505511830816,277.5597366790928
99.36321788309161,277.63373461150974
117.95990538325727,277.7077262971332
133.45969838820412,277.7817117359633
136.55993872413686,277.85569092800006
155.1633734284639,277.92966387324327
124.15954187368747,278.0036305716932
139.66027355549423,278.07759102334967
145.8612276647103,278.1515452282128
117.95990538325727,278.2254931862825
118.99315225318888,278.2994348975588
111.76064070190729,278.3733703620417
117.95990538325727,278.44729957973124
114.86022670236383,278.52122255062733
117.95990538325727,278.59513927473006
106.59486923495757,278.66904975203926
111.76064070190729,278.7429539825552
132.42630589954476,278.8168519662777
163.43267163287325,278.8907437032068
190.31264609562433,278.9646291933425
244.0947816481675,279.0385084366848
235.81865959795508,279.11238143323374
237.88762331693766,279.18624818298923
257.54500266196374,279.2601086859513
326.8954723646219,279.33396294212
405.6229121986922,279.40781095149526
505.15985071298354,279.4816527140772
488.5633871987177,279.5554882298657
391.1156138628203,279.6293174988608
343.4642656589705,279.7031405210625
332.0729099032797,279.7769572964708
308.25903370623774,279.8507678250857
250.3023413630608,279.92457210690725
268.92743597315194,279.9983701419353
294.8016569947335,280.07216193017
392.15177674260815,280.14594747161135
467.82169136981963,280.2197267662592
381.7906523052333,280.2934998141137
276.17150940635696,280.3672666151748
209.9603547194679,280.4410271694425
171.70265560353752,280.5147814769168
146.89475699057553,280.5885295375977
148.96184741150654,280.66227135148523
125.19285092074567,280.73600691857933
138.6268180972371,280.80973623888
141.7272160598077,280.8834593123873
121.0596770175692,280.9571761391012
129.32619117457938,281.0308867190217
113.82702108466523,281.1045910521488
111.76064070190729,281.1782891384825
107.6280030570784,281.2519809780228
111.76064070190729,281.3256665707697
115.89344261792671,281.39934591672323
118.99315225318888,281.4730190158833
103.49552901263895,281.54668586825005
116.92666884152108,281.62034647382336
124.15954187368747,281.6940008326032
132.42630589954476,281.7676489445897
117.95990538325727,281.8412908097828
104.52863222344862,281.9149264281825
97.2971231931485,281.9885557997888
106.59486923495757,282.0621789246017
115.89344261792671,282.1357958026212
105.5617456273083,282.20940643384733
122.09295493184176,282.28301081828005
98.33016547441987,282.3566089559193
114.86022670236383,282.4302008467652
114.86022670236383,282.5037864908177
107.6280030570784,282.5773658880768
99.36321788309161,282.6509390385425
105.5617456273083,282.7245059422148
95.23106896817144,282.7980665990937
91.09908155277441,282.87162100917925
96.26409102813317,282.9451691724713
105.5617456273083,283.01871108897
110.72746591622862,283.09224675867534
99.36321788309161,283.1657761815872
116.92666884152108,283.2392993577057
118.99315225318888,283.3128162870308
117.95990538325727,283.3863269695625
91.09908155277441,283.4598314053008
94.19805700200273,283.53332959424574
112.79382575460676,283.6068215363972
103.49552901263895,283.6803072317553
109.69430138717549,283.75378668032005
102.46243598408216,283.8272598820913
108.66114710429534,283.9007268370692
117.95990538325727,283.9741875452537
101.42935312692337,284.0476420066448
112.79382575460676,284.1210902212425
103.49552901263895,284.1945321890468
121.0596770175692,284.26796791005773
116.92666884152108,284.34139738427524
93.16505511830816,284.4148206116993
127.25950021542295,284.48823759233005
80.76981474708253,284.56164832616736
110.72746591622862,284.6350528132112
126.22617036479022,284.7084510534617
99.36321788309161,284.7818430469188
115.89344261792671,284.8552287935825
117.95990538325727,284.92860829345284
131.3929238739074,285.0019815465297
157.23063390393426,285.07534855281324
167.567577656061,285.1487093123033
175.8379059409064,285.222063825
148.96184741150654,285.2954120909033
130.35955230202617,285.3687541100132
112.79382575460676,285.4420898823297
128.2928404821895,285.5154194078528
107.6280030570784,285.5887426865825
116.92666884152108,285.66205971851883
118.99315225318888,285.7353705036617
110.72746591622862,285.8086750420112
97.2971231931485,285.8819733335673
101.42935312692337,285.95526537833
113.82702108466523,286.02855117629935
93.16505511830816,286.1018307274752
94.19805700200273,286.1751040318577
107.6280030570784,286.2483710894468
108.66114710429534,286.3216319002425
106.59486923495757,286.3948864642448
97.2971231931485,286.4681347814537
102.46243598408216,286.54137685186925
109.69430138717549,286.61461267549134
113.82702108466523,286.68784225232
100.39628043025,286.7610655823553
96.26409102813317,286.8342826655972
82.83558828550694,286.90749350204567
113.82702108466523,286.9806980917008
112.79382575460676,287.0538964345625
108.66114710429534,287.12708853063083
98.33016547441987,287.2002743799057
98.33016547441987,287.2734539823872
104.52863222344862,287.34662733807534
117.95990538325727,287.41979444697006
88.00019653670171,287.49295530907136
108.66114710429534,287.5661099243792
99.36321788309161,287.6392582928937
124.15954187368747,287.7124004146148
114.86022670236383,287.7855362895425
118.99315225318888,287.85866591767683
129.32619117457938,287.93178929901774
137.59337315642878,288.0049064335652
201.6871533158618,288.07801732131935
192.38064002627402,288.15112196228006
165.50010318356493,288.2242203564473
143.7942007397226,288.2973125038212
129.32619117457938,288.37039840440167
127.25950021542295,288.4434780581888
103.49552901263895,288.5165514651825
95.23106896817144,288.5896186253828
114.86022670236383,288.66267953878975
103.49552901263895,288.7357342054032
105.5617456273083,288.80878262522333
106.59486923495757,288.88182479825
99.36321788309161,288.95486072448335
113.82702108466523,289.0278904039232
97.2971231931485,289.1009138365697
98.33016547441987,289.1739310224228
95.23106896817144,289.2469419614825
103.49552901263895,289.3199466537488
76.6383867326456,289.3929450992217
93.16505511830816,289.46593729790123
93.16505511830816,289.53892324978733
108.66114710429534,289.61190295488
100.39628043025,289.68487641317927
110.72746591622862,289.75784362468517
110.72746591622862,289.8308045893977
97.2971231931485,289.9037593073168
95.23106896817144,289.9767077784425
104.52863222344862,290.0496500027748
98.33016547441987,290.1225859803137
92.13206330571057,290.1955157110592
91.09908155277441,290.26843919501135
91.09908155277441,290.34135643217
99.36321788309161,290.4142674225353
92.13206330571057,290.4871721661072
80.76981474708253,290.5600706628857
78.7040809285857,290.6329629128708
93.16505511830816,290.7058489160625
99.36321788309161,290.77872867246083
105.5617456273083,290.85160218206573
105.5617456273083,290.9244694448772
102.46243598408216,290.99733046089534
99.36321788309161,291.07018523012005
110.72746591622862,291.1430337525513
100.39628043025,291.2158760281892
99.36321788309161,291.2887120570337
114.86022670236383,291.3615418390848
94.19805700200273,291.4343653743425
100.39628043025,291.5071826628068
100.39628043025,291.5799937044777
91.09908155277441,291.65279849935524
109.69430138717549,291.72559704743935
92.13206330571057,291.79838934873004
83.86848997986118,291.8711754032273
96.26409102813317,291.94395521093116
93.16505511830816,292.0167287718417
85.93432327867477,292.0894960859588
93.16505511830816,292.1622571532825
99.36321788309161,292.2350119738128
91.09908155277441,292.3077605475497
90.06610984800567,292.38050287449323
102.46243598408216,292.4532389546433
99.36321788309161,292.52596878800006
107.6280030570784,292.59869237456326
106.59486923495757,292.6714097143332
108.66114710429534,292.7441208073097
116.92666884152108,292.8168256534928
111.76064070190729,292.8895242528825
113.82702108466523,292.96221660547883
111.76064070190729,293.03490271128175
112.79382575460676,293.10758257029124
100.39628043025,293.1802561825073
128.2928404821895,293.25292354793004
91.09908155277441,293.32558466655934
93.16505511830816,293.3982395383952
102.46243598408216,293.4708881634377
112.79382575460676,293.5435305416868
113.82702108466523,293.6161666731425
124.15954187368747,293.68879655780484
131.3929238739074,293.76142019567374
110.72746591622862,293.8340375867492
109.69430138717549,293.90664873103134
91.09908155277441,293.97925362852004
99.36321788309161,294.05185227921527
95.23106896817144,294.1244446831172
103.49552901263895,294.1970308402257
125.19285092074567,294.2696107505408
111.76064070190729,294.3421844140625
101.42935312692337,294.4147518307908
112.79382575460676,294.4873130007257
103.49552901263895,294.5598679238672
99.36321788309161,294.6324166002153
122.09295493184176,294.70495902977
111.76064070190729,294.77749521253133
111.76064070190729,294.8500251484992
117.95990538325727,294.9225488376737
107.6280030570784,294.9950662800548
102.46243598408216,295.0675774756425
103.49552901263895,295.1400824244368
92.13206330571057,295.2125811264377
96.26409102813317,295.28507358164524
91.09908155277441,295.3575597900593
86.96725490688553,295.43003975168006
88.00019653670171,295.5025134665073
96.26409102813317,295.5749809345412
91.09908155277441,295.6474421557817
96.26409102813317,295.7198971302288
88.00019653670171,295.7923458578825
96.26409102813317,295.8647883387428
105.5617456273083,295.9372245728097
84.90140164028206,296.0096545600832
101.42935312692337,296.08207830056335
90.06610984800567,296.15449579425
84.90140164028206,296.22690704114336
101.42935312692337,296.2993120412432
98.33016547441987,296.3717107945497
113.82702108466523,296.4441033010628
110.72746591622862,296.51648956078253
84.90140164028206,296.5888695737088
111.76064070190729,296.6612433398417
104.52863222344862,296.7336108591812
108.66114710429534,296.80597213172734
114.86022670236383,296.87832715748004
92.13206330571057,296.95067593643927
99.36321788309161,297.0230184686052
86.96725490688553,297.0953547539777
102.46243598408216,297.1676847925568
102.46243598408216,297.2400085843425
100.39628043025,297.3123261293348
93.16505511830816,297.38463742753373
81.80269654525516,297.4569424789392
99.36321788309161,297.5292412835513
91.09908155277441,297.60153384137004
82.83558828550694,297.67382015239536
106.59486923495757,297.7461002166272
89.03314817985182,297.8183740340657
105.5617456273083,297.8906416047108
92.13206330571057,297.9629029285625
90.06610984800567,298.0351580056208
105.5617456273083,298.10740683588574
117.95990538325727,298.17964941935725
104.52863222344862,298.25188575603534
105.5617456273083,298.32411584592006
121.0596770175692,298.39633968901126
96.26409102813317,298.4685572853092
109.69430138717549,298.5407686348137
97.2971231931485,298.6129737375248
99.36321788309161,298.68517259344253
91.09908155277441,298.7573652025668
114.86022670236383,298.8295515648977
79.7369428789066,298.9017316804352
93.16505511830816,298.97390554917934
100.39628043025,299.04607317113005
66.31050661668898,299.11823454628734
93.16505511830816,299.1903896746512
103.49552901263895,299.26253855622167
83.86848997986118,299.3346811909988
93.16505511830816,299.4068175789825
88.00019653670171,299.4789477201728
112.79382575460676,299.5510716145697
100.39628043025,299.62318926217324
89.03314817985182,299.6953006629833
103.49552901263895,299.76740581700005
115.89344261792671,299.8395047242233
106.59486923495757,299.9115973846532
106.59486923495757,299.9836837982897
107.6280030570784,300.0557639651328
103.49552901263895,300.1278378851825
99.36321788309161,300.1999055584388
86.96725490688553,300.2719669849017
105.5617456273083,300.34402216457124
107.6280030570784,300.41607109744734
105.5617456273083,300.48811378353
115.89344261792671,300.56015022281935
110.72746591622862,300.6321804153152
97.2971231931485,300.7042043610177
98.33016547441987,300.7762220599268
106.59486923495757,300.8482335120425
92.13206330571057,300.92023871736484
80.76981474708253,300.9922376758937
106.59486923495757,301.0642303876292
91.09908155277441,301.13621685257135
100.39628043025,301.20819707072
99.36321788309161,301.28017104207527
98.33016547441987,301.3521387666372
88.00019653670171,301.4241002444057
105.5617456273083,301.4960554753808
111.76064070190729,301.56800445956253
104.52863222344862,301.6399471969508
110.72746591622862,301.7118836875457
110.72746591622862,301.7838139313472
109.69430138717549,301.8557379283553
107.6280030570784,301.92765567857003
105.5617456273083,301.9995671819913
125.19285092074567,302.0714724386192
101.42935312692337,302.1433714484537
78.7040809285857,302.2152642114948
99.36321788309161,302.2871507277425
101.42935312692337,302.3590309971968
101.42935312692337,302.43090501985773
107.6280030570784,302.5027727957252
95.23106896817144,302.5746343247993
82.83558828550694,302.64648960708
95.23106896817144,302.7183386425673
92.13206330571057,302.7901814312612
95.23106896817144,302.8620179731617
95.23106896817144,302.9338482682688
100.39628043025,303.0056723165825
89.03314817985182,303.0774901181028
100.39628043025,303.1493016728297
96.26409102813317,303.22110698076324
91.09908155277441,303.29290604190334
88.00019653670171,303.36469885625
112.79382575460676,303.43648542380333
96.26409102813317,303.5082657445632
112.79382575460676,303.5800398185297
111.76064070190729,303.6518076457028
106.59486923495757,303.72356922608253
107.6280030570784,303.7953245596688
101.42935312692337,303.86707364646173
97.2971231931485,303.93881648646123
100.39628043025,304.0105530796673
99.36321788309161,304.08228342608004
92.13206330571057,304.1540075256993
89.03314817985182,304.22572537852517
94.19805700200273,304.2974369845577
93.16505511830816,304.3691423437968
86.96725490688553,304.4408414562425
107.6280030570784,304.5125343218948
108.66114710429534,304.5842209407537
90.06610984800567,304.6559013128192
107.6280030570784,304.7275754380913
99.36321788309161,304.79924331657
107.6280030570784,304.8709049482553
98.33016547441987,304.9425603331472
114.86022670236383,305.0142094712457
99.36321788309161,305.0858523625508
99.36321788309161,305.1574890070625
96.26409102813317,305.2291194047808
101.42935312692337,305.3007435557057
114.86022670236383,305.37236145983724
107.6280030570784,305.44397311717535
110.72746591622862,305.51557852772004
103.49552901263895,305.58717769147125
96.26409102813317,305.65877060842917
106.59486923495757,305.7303572785937
108.66114710429534,305.8019377019648
110.72746591622862,305.8735118785425
92.13206330571057,305.9450798083268
105.5617456273083,306.0166414913177
101.42935312692337,306.08819692751524
98.33016547441987,306.15974611691934
95.23106896817144,306.23128905953
123.12624321395762,306.3028257553473
97.2971231931485,306.37435620437117
111.76064070190729,306.4458804066017
101.42935312692337,306.5173983620388
127.25950021542295,306.5889100706825
107.6280030570784,306.6604155325328
109.69430138717549,306.7319147475897
86.96725490688553,306.8034077158532
91.09908155277441,306.87489443732335
90.06610984800567,306.946374912
91.09908155277441,307.0178491398833
86.96725490688553,307.0893171209732
105.5617456273083,307.1607788552697
109.69430138717549,307.2322343427728
113.82702108466523,307.3036835834825
124.15954187368747,307.3751265773988
106.59486923495757,307.4465633245217
107.6280030570784,307.5179938248512
123.12624321395762,307.5894180783873
112.79382575460676,307.66083608513003
113.82702108466523,307.7322478450793
124.15954187368747,307.8036533582352
113.82702108466523,307.8750526245977
121.0596770175692,307.9464456441668
124.15954187368747,308.0178324169425
153.09615556448622,308.0892129429248
138.6268180972371,308.1605872221137
141.7272160598077,308.2319552545092
130.35955230202617,308.3033170401113
117.95990538325727,308.37467257892
105.5617456273083,308.4460218709353
128.2928404821895,308.5173649161572
98.33016547441987,308.5887017145857
141.7272160598077,308.6600322662208
130.35955230202617,308.7313565710625
114.86022670236383,308.8026746291108
126.22617036479022,308.87398644036574
133.45969838820412,308.9452920048272
131.3929238739074,309.01659132249534
161.3652829436469,309.08788439337
162.39897193438165,309.15917121745133
161.3652829436469,309.23045179473917
168.6013310066071,309.3017261252337
144.8277089172748,309.3729942089348
117.95990538325727,309.4442560458425
111.76064070190729,309.5155116359568
139.66027355549423,309.5867609792777
109.69430138717549,309.6580040758052
97.2971231931485,309.72924092553933
92.13206330571057,309.80047152848005
108.66114710429534,309.8716958846273
116.92666884152108,309.9429139939812
118.99315225318888,310.0141258565417
104.52863222344862,310.0853314723088
108.66114710429534,310.1565308412825
100.39628043025,310.22772396346284
100.39628043025,310.29891083884974
106.59486923495757,310.3700914674432
101.42935312692337,310.44126584924334
114.86022670236383,310.51243398425
95.23106896817144,310.5835958724633
95.23106896817144,310.6547515138832
120.02640946131278,310.7259009085097
85.93432327867477,310.7970440563428
108.66114710429534,310.8681809573825
116.92666884152108,310.9393116116288
108.66114710429534,311.01043601908174
95.23106896817144,311.0815541797412
108.66114710429534,311.1526660936073
97.2971231931485,311.22377176068005
93.16505511830816,311.29487118095926
117.95990538325727,311.3659643544452
102.46243598408216,311.4370512811377
103.49552901263895,311.5081319610368
108.66114710429534,311.5792063941425
91.09908155277441,311.65027458045483
95.23106896817144,311.7213365199737
93.16505511830816,311.7923922126992
112.79382575460676,311.8634416586313
107.6280030570784,311.93448485777003
99.36321788309161,312.00552181011534
99.36321788309161,312.0765525156672
86.96725490688553,312.1475769744257
93.16505511830816,312.2185951863908
88.00019653670171,312.2896071515625
113.82702108466523,312.36061286994084
105.5617456273083,312.4316123415257
96.26409102813317,312.50260556631724
86.96725490688553,312.5735925443153
102.46243598408216,312.64457327552003
97.2971231931485,312.71554775993127
93.16505511830816,312.78651599754926
110.72746591622862,312.8574779883737
94.19805700200273,312.9284337324048
112.79382575460676,312.9993832296425
86.96725490688553,313.0703264800868
97.2971231931485,313.1412634837377
107.6280030570784,313.21219424059524
95.23106896817144,313.28311875065936
99.36321788309161,313.35403701393005
102.46243598408216,313.42494903040733
105.5617456273083,313.4958548000912
103.49552901263895,313.5667543229817
100.39628043025,313.6376475990788
101.42935312692337,313.7085346283825
104.52863222344862,313.7794154108928
92.13206330571057,313.85028994660973
93.16505511830816,313.9211582355332
107.6280030570784,313.9920202776633
102.46243598408216,314.06287607300004
107.6280030570784,314.1337256215433
104.52863222344862,314.20456892329327
101.42935312692337,314.2754059782497
77.67122888391881,314.3462367864128
115.89344261792671,314.4170613477825
106.59486923495757,314.4878796623588
98.33016547441987,314.55869173014173
107.6280030570784,314.62949755113124
116.92666884152108,314.7002971253273
86.96725490688553,314.77109045273005
95.23106896817144,314.84187753333936
97.2971231931485,314.9126583671552
97.2971231931485,314.9834329541777
126.22617036479022,315.0542012944068
90.06610984800567,315.1249633878425
120.02640946131278,315.1957192344848
105.5617456273083,315.2664688343337
114.86022670236383,315.33721218738924
104.52863222344862,315.4079492936513
113.82702108466523,315.47868015312
110.72746591622862,315.54940476579526
112.79382575460676,315.62012313167725
134.49310134909555,315.6908352507657
145.8612276647103,315.7615411230608
147.928296903362,315.8322407485625
134.49310134909555,315.9029341272708
121.0596770175692,315.97362125918573
121.0596770175692,316.0443021443072
124.15954187368747,316.1149767826353
129.32619117457938,316.18564517417
104.52863222344862,316.25630731891135
113.82702108466523,316.3269632168592
100.39628043025,316.3976128680137
117.95990538325727,316.4682562723748
110.72746591622862,316.5388934299425
101.42935312692337,316.6095243407168
108.66114710429534,316.68014900469774
113.82702108466523,316.7507674218852
108.66114710429534,316.8213795922793
98.33016547441987,316.89198551588004
107.6280030570784,316.9625851926873
97.2971231931485,317.03317862270126
108.66114710429534,317.1037658059217
97.2971231931485,317.1743467423488
126.22617036479022,317.2449214319825
107.6280030570784,317.3154898748228
100.39628043025,317.3860520708697
98.33016547441987,317.4566080201232
111.76064070190729,317.52715772258335
120.02640946131278,317.59770117825
135.52651479137353,317.6682383871233
167.567577656061,317.7387693492032
194.44867758589177,317.8092940644897
191.34663761039369,317.8798125329828
187.21073689576363,317.9503247546825
176.87174551443488,318.0208307295888
170.6688699730704,318.0913304577017
155.1633734284639,318.16182393902125
140.69373954007716,318.2323111735473
124.15954187368747,318.30279216128
124.15954187368747,318.37326690221926
129.32619117457938,318.44373539636524
114.86022670236383,318.5141976437177
116.92666884152108,318.5846536442768
113.82702108466523,318.6551033980425
99.36321788309161,318.7255469050148
116.92666884152108,318.7959841651937
114.86022670236383,318.86641517857925
97.2971231931485,318.9368399451713
128.2928404821895,319.00725846497005
116.92666884152108,319.0776707379753
136.55993872413686,319.1480767641872
118.99315225318888,319.2184765436057
99.36321788309161,319.2888700762308
118.99315225318888,319.3592573620625
105.5617456273083,319.4296384011008
120.02640946131278,319.5000131933457
98.33016547441987,319.5703817387972
120.02640946131278,319.6407440374553
95.23106896817144,319.71110008932004
103.49552901263895,319.7814498943913
108.66114710429534,319.85179345266926
105.5617456273083,319.9221307641537
110.72746591622862,319.9924618288448
101.42935312692337,320.0627866467425
95.23106896817144,320.13310521784683
111.76064070190729,320.2034175421577
90.06610984800567,320.2737236196752
102.46243598408216,320.34402345039933
110.72746591622862,320.41431703433005
116.92666884152108,320.48460437146736
102.46243598408216,320.5548854618112
103.49552901263895,320.6251603053617
105.5617456273083,320.6954289021188
103.49552901263895,320.7656912520825
110.72746591622862,320.8359473552528
109.69430138717549,320.9061972116297
96.26409102813317,320.9764408212132
126.22617036479022,321.0466781840033
111.76064070190729,321.11690930000003
96.26409102813317,321.18713416920326
103.49552901263895,321.25735279161324
95.23106896817144,321.3275651672297
96.26409102813317,321.3977712960528
111.76064070190729,321.4679711780825
101.42935312692337,321.5381648133188
100.39628043025,321.6083522017617
96.26409102813317,321.67853334341123
91.09908155277441,321.74870823826734
101.42935312692337,321.81887688633003
123.12624321395762,321.88903928759936
103.49552901263895,321.9591954420752
100.39628043025,322.0293453497577
116.92666884152108,322.0994890106468
114.86022670236383,322.1696264247425
113.82702108466523,322.2397575920448
106.59486923495757,322.3098825125537
101.42935312692337,322.3800011862692
107.6280030570784,322.4501136131913
108.66114710429534,322.52021979332005
125.19285092074567,322.5903197266553
126.22617036479022,322.66041341319726
105.5617456273083,322.7305008529457
113.82702108466523,322.8005820459008
108.66114710429534,322.8706569920625
95.23106896817144,322.9407256914308
123.12624321395762,323.0107881440057
123.12624321395762,323.08084434978724
110.72746591622862,323.1508943087753
116.92666884152108,323.22093802097004
138.6268180972371,323.29097548637134
149.99540852339115,323.36100670497916
141.7272160598077,323.4310316767937
156.19699833575532,323.5010504018148
136.55993872413686,323.5710628800425
103.49552901263895,323.6410691114768
138.6268180972371,323.71106909611774
117.95990538325727,323.7810628339652
109.69430138717549,323.85105032501934
121.0596770175692,323.92103156928005
120.02640946131278,323.9910065667473
130.35955230202617,324.06097531742125
111.76064070190729,324.1309378213017
105.5617456273083,324.2008940783888
96.26409102813317,324.2708440886825
104.52863222344862,324.3407878521828
106.59486923495757,324.4107253688897
103.49552901263895,324.4806566388032
100.39628043025,324.55058166192333
107.6280030570784,324.62050043825
109.69430138717549,324.69041296778335
114.86022670236383,324.7603192505232
98.33016547441987,324.8302192864697
109.69430138717549,324.9001130756228
111.76064070190729,324.9700006179825
93.16505511830816,325.0398819135488
126.22617036479022,325.10975696232174
104.52863222344862,325.1796257643012
120.02640946131278,325.24948831948734
106.59486923495757,325.31934462788
99.36321788309161,325.38919468947927
112.79382575460676,325.4590385042852
109.69430138717549,325.5288760722977
95.23106896817144,325.5987073935168
99.36321788309161,325.6685324679425
115.89344261792671,325.73835129557483
104.52863222344862,325.8081638764137
111.76064070190729,325.87797021045924
95.23106896817144,325.9477702977113
113.82702108466523,326.01756413817003
113.82702108466523,326.0873517318353
110.72746591622862,326.1571330787072
96.26409102813317,326.2269081787857
113.82702108466523,326.2966770320708
105.5617456273083,326.3664396385625
120.02640946131278,326.4361959982608
116.92666884152108,326.5059461111657
103.49552901263895,326.5756899772772
91.09908155277441,326.6454275965953
106.59486923495757,326.71515896912
99.36321788309161,326.7848840948513
104.52863222344862,326.85460297378927
99.36321788309161,326.9243156059337
110.72746591622862,326.9940219912848
118.99315225318888,327.0637221298425
111.76064070190729,327.1334160216068
94.19805700200273,327.2031036665777
97.2971231931485,327.2727850647552
105.5617456273083,327.34246021613933
93.16505511830816,327.41212912073
98.33016547441987,327.48179177852734
98.33016547441987,327.5514481895312
108.66114710429534,327.6210983537417
105.5617456273083,327.6907422711588
100.39628043025,327.7603799417825
98.33016547441987,327.8300113656128
115.89344261792671,327.8996365426497
90.06610984800567,327.9692554728932
104.52863222344862,328.0388681563433
113.82702108466523,328.10847459300004
106.59486923495757,328.1780747828633
92.13206330571057,328.24766872593324
101.42935312692337,328.3172564222097
91.09908155277441,328.3868378716928
94.19805700200273,328.4564130743825
120.02640946131278,328.5259820302788
117.95990538325727,328.5955447393817
125.19285092074567,328.66510120169124
113.82702108466523,328.7346514172073
103.49552901263895,328.80419538593003
85.93432327867477,328.8737331078593
96.26409102813317,328.9432645829952
78.7040809285857,329.0127898113377
91.09908155277441,329.0823087928868
93.16505511830816,329.1518215276425
99.36321788309161,329.2213280156048
89.03314817985182,329.2908282567737
110.72746591622862,329.3603222511492
107.6280030570784,329.42980999873134
106.59486923495757,329.49929149952004
98.33016547441987,329.56876675351526
108.66114710429534,329.63823576071724
91.09908155277441,329.7076985211257
103.49552901263895,329.7771550347408
102.46243598408216,329.8466053015625
89.03314817985182,329.91604932159083
86.96725490688553,329.9854870948257
93.16505511830816,330.05491862126723
111.76064070190729,330.12434390091533
112.79382575460676,330.19376293377
102.46243598408216,330.26317571983134
114.86022670236383,330.3325822590992
89.03314817985182,330.40198255157367
109.69430138717549,330.4713765972548
96.26409102813317,330.5407643961425
98.33016547441987,330.61014594823683
115.89344261792671,330.6795212535377
110.72746591622862,330.7488903120452
132.42630589954476,330.81825312375935
104.52863222344862,330.88760968868
101.42935312692337,330.95696000680726
99.36321788309161,331.02630407814127
106.59486923495757,331.0956419026817
117.95990538325727,331.1649734804288
112.79382575460676,331.23429881138253
94.19805700200273,331.3036178955428
125.19285092074567,331.3729307329097
117.95990538325727,331.4422373234832
120.02640946131278,331.5115376672633
97.2971231931485,331.58083176425004
96.26409102813317,331.6501196144433
114.86022670236383,331.7194012178432
124.15954187368747,331.7886765744497
115.89344261792671,331.8579456842628
117.95990538325727,331.9272085472825
103.49552901263895,331.9964651635088
128.2928404821895,332.06571553294174
117.95990538325727,332.1349596555812
130.35955230202617,332.2041975314273
124.15954187368747,332.27342916048
122.09295493184176,332.3426545427393
109.69430138717549,332.41187367820527
104.52863222344862,332.4810865668777
102.46243598408216,332.5502932087568
99.36321788309161,332.6194936038425
124.15954187368747,332.6886877521348
112.79382575460676,332.75787565363373
107.6280030570784,332.8270573083392
116.92666884152108,332.89623271625135
101.42935312692337,332.96540187737
113.82702108466523,333.03456479169535
116.92666884152108,333.1037214592272
124.15954187368747,333.17287187996567
108.66114710429534,333.2420160539108
115.89344261792671,333.3111539810625
132.42630589954476,333.3802856614208
118.99315225318888,333.4494110949857
128.2928404821895,333.5185302817572
101.42935312692337,333.58764322173533
116.92666884152108,333.65674991492006
120.02640946131278,333.7258503613113
113.82702108466523,333.79494456090924
125.19285092074567,333.8640325137137
137.59337315642878,333.9331142197248
157.23063390393426,334.0021896789425
141.7272160598077,334.0712588913668
143.7942007397226,334.14032185699773
122.09295493184176,334.2093785758352
114.86022670236383,334.27842904787934
111.76064070190729,334.34747327313005
113.82702108466523,334.41651125158734
131.3929238739074,334.4855429832512
125.19285092074567,334.5545684681217
118.99315225318888,334.6235877061988
139.66027355549423,334.6926006974825
188.2446957445832,334.7616074419728
229.61203517307334,334.83060793966973
176.87174551443488,334.8996021905732
148.96184741150654,334.9685901946833
144.8277089172748,335.037571952
103.49552901263895,335.1065474625233
111.76064070190729,335.17551672625325
107.6280030570784,335.2444797431897
114.86022670236383,335.3134365133328
126.22617036479022,335.38238703668253
124.15954187368747,335.4513313132388
98.33016547441987,335.5202693430017
95.23106896817144,335.5892011259712
111.76064070190729,335.6581266621473
121.0596770175692,335.72704595153004
104.52863222344862,335.79595899411936
131.3929238739074,335.8648657899152
148.96184741150654,335.93376633891774
202.72126507223442,336.0026606411268
153.09615556448622,336.0715486965425
140.69373954007716,336.14043050516483
112.79382575460676,336.2093060669937
114.86022670236383,336.27817538202925
92.13206330571057,336.3470384502713
105.5617456273083,336.41589527172005
109.69430138717549,336.4847458463753
114.86022670236383,336.55359017423723
118.99315225318888,336.6224282553057
94.19805700200273,336.6912600895808
113.82702108466523,336.7600856770625
110.72746591622862,336.8289050177508
101.42935312692337,336.8977181116457
107.6280030570784,336.96652495874724
126.22617036479022,337.0353255590553
138.6268180972371,337.10411991257
162.39897193438165,337.17290801929136
136.55993872413686,337.24168987921917
126.22617036479022,337.3104654923537
112.79382575460676,337.3792348586948
102.46243598408216,337.4479979782425
122.09295493184176,337.5167548509968
121.0596770175692,337.58550547695774
116.92666884152108,337.6542498561252
110.72746591622862,337.7229879884993
93.16505511830816,337.79171987408006
133.45969838820412,337.8604455128673
117.95990538325727,337.92916490486124
130.35955230202617,337.9978780500617
109.69430138717549,338.0665849484688
126.22617036479022,338.1352856000825
132.42630589954476,338.2039800049028
154.12975917405922,338.27266816292973
129.32619117457938,338.34135007416324
113.82702108466523,338.41002573860334
139.66027355549423,338.47869515625
101.42935312692337,338.5473583271033
95.23106896817144,338.61601525116316
113.82702108466523,338.68466592842975
111.76064070190729,338.7533103589028
105.5617456273083,338.8219485425825
120.02640946131278,338.8905804794688
113.82702108466523,338.9592061695617
105.5617456273083,339.0278256128612
108.66114710429534,339.0964388093673
98.33016547441987,339.16504575908004
117.95990538325727,339.2336464619993
107.6280030570784,339.3022409181252
116.92666884152108,339.3708291274577
106.59486923495757,339.4394110899968
122.09295493184176,339.5079868057425
115.89344261792671,339.5765562746948
107.6280030570784,339.64511949685374
108.66114710429534,339.7136764722192
118.99315225318888,339.78222720079134
105.5617456273083,339.85077168257004
111.76064070190729,339.9193099175553
105.5617456273083,339.9878419057472
97.2971231931485,340.05636764714575
102.46243598408216,340.1248871417508
103.49552901263895,340.1934003895625
106.59486923495757,340.2619073905808
114.86022670236383,340.3304081448057
89.03314817985182,340.3989026522372
121.0596770175692,340.4673909128753
115.89344261792671,340.53587292672
113.82702108466523,340.60434869377127
108.66114710429534,340.67281821402923
123.12624321395762,340.74128148749367
103.49552901263895,340.8097385141648
116.92666884152108,340.8781892940425
96.26409102813317,340.9466338271268
100.39628043025,341.0150721134177
94.19805700200273,341.0835041529152
109.69430138717549,341.1519299456193
96.26409102813317,341.22034949153004
98.33016547441987,341.28876279064735
95.23106896817144,341.3571698429712
94.19805700200273,341.4255706485018
84.90140164028206,341.4939652072388
122.09295493184176,341.5623535191825
106.59486923495757,341.6307355843328
113.82702108466523,341.6991114026897
106.59486923495757,341.7674809742532
97.2971231931485,341.83584429902334
97.2971231931485,341.90420137700005
114.86022670236383,341.9725522081833
82.83558828550694,342.0408967925732
97.2971231931485,342.1092351301697
109.69430138717549,342.1775672209728
90.06610984800567,342.2458930649825
112.79382575460676,342.3142126621988
110.72746591622862,342.3825260126217
97.2971231931485,342.4508331162512
103.49552901263895,342.5191339730873
121.0596770175692,342.58742858313
127.25950021542295,342.65571694637936
95.23106896817144,342.72399906283516
92.13206330571057,342.7922749324978
102.46243598408216,342.8605445553668
91.09908155277441,342.9288079314425
101.42935312692337,342.9970650607248
104.52863222344862,343.0653159432137
105.5617456273083,343.1335605789092
105.5617456273083,343.2017989678113
99.36321788309161,343.27003110992
99.36321788309161,343.3382570052353
104.52863222344862,343.40647665375724
96.26409102813317,343.47469005548567
89.03314817985182,343.5428972104208
95.23106896817144,343.6110981185625
103.49552901263895,343.6792927799108
110.72746591622862,343.7474811944657
99.36321788309161,343.8156633622272
106.59486923495757,343.8838392831953
121.0596770175692,343.95200895737
109.69430138717549,344.02017238475133
101.42935312692337,344.08832956533917
105.5617456273083,344.15648049913375
108.66114710429534,344.2246251861348
113.82702108466523,344.2927636263425
108.66114710429534,344.3608958197568
111.76064070190729,344.42902176637773
101.42935312692337,344.4971414662052
104.52863222344862,344.56525491923935
93.16505511830816,344.63336212548
101.42935312692337,344.7014630849273
110.72746591622862,344.76955779758123
108.66114710429534,344.8376462634417
114.86022670236383,344.9057284825088
110.72746591622862,344.9738044547825
114.86022670236383,345.0418741802628
111.76064070190729,345.1099376589497
108.66114710429534,345.1779948908432
105.5617456273083,345.2460458759433
113.82702108466523,345.31409061425
131.3929238739074,345.38212910576334
101.42935312692337,345.4501613504832
97.2971231931485,345.51818734840975
113.82702108466523,345.5862070995428
104.52863222344862,345.6542206038825
124.15954187368747,345.7222278614288
116.92666884152108,345.79022887218173
120.02640946131278,345.85822363614125
110.72746591622862,345.92621215330735
108.66114710429534,345.99419442368
98.33016547441987,346.0621704472593
96.26409102813317,346.13014022404525
98.33016547441987,346.1981037540377
113.82702108466523,346.2660610372368
104.52863222344862,346.3340120736425
113.82702108466523,346.4019568632548
122.09295493184176,346.4698954060737
122.09295493184176,346.5378277020992
112.79382575460676,346.60575375133135
99.36321788309161,346.67367355377
96.26409102813317,346.7415871094153
99.36321788309161,346.8094944182672
101.42935312692337,346.87739548032573
111.76064070190729,346.9452902955908
104.52863222344862,347.0131788640625
116.92666884152108,347.0810611857408
93.16505511830816,347.1489372606257
107.6280030570784,347.21680708871725
104.52863222344862,347.2846706700153
113.82702108466523,347.35252800452
125.19285092074567,347.42037909223126
115.89344261792671,347.48822393314924
110.72746591622862,347.5560625272737
108.66114710429534,347.6238948746048
104.52863222344862,347.6917209751425
115.89344261792671,347.7595408288868
95.23106896817144,347.8273544358377
99.36321788309161,347.8951617959952
102.46243598408216,347.9629629093593
120.02640946131278,348.03075777593006
106.59486923495757,348.09854639570733
104.52863222344862,348.1663287686912
106.59486923495757,348.23410489488174
90.06610984800567,348.3018747742788
109.69430138717549,348.36963840688253
108.66114710429534,348.4373957926928
108.66114710429534,348.5051469317097
88.00019653670171,348.5728918239332
104.52863222344862,348.6406304693633
100.39628043025,348.70836286800005
100.39628043025,348.77608901984325
100.39628043025,348.84380892489327
103.49552901263895,348.9115225831497
93.16505511830816,348.9792299946128
116.92666884152108,349.0469311592825
109.69430138717549,349.1146260771588
110.72746591622862,349.1823147482417
118.99315225318888,349.2499971725312
97.2971231931485,349.31767335002735
82.83558828550694,349.38534328073
89.03314817985182,349.4530069646393
91.09908155277441,349.5206644017552
102.46243598408216,349.5883155920777
111.76064070190729,349.6559605356068
103.49552901263895,349.7235992323425
89.03314817985182,349.79123168228483
92.13206330571057,349.85885788543374
112.79382575460676,349.9264778417892
110.72746591622862,349.99409155135135
107.6280030570784,350.06169901412005
111.76064070190729,350.1293002300953
103.49552901263895,350.19689519927726
107.6280030570784,350.2644839216657
108.66114710429534,350.3320663972608
101.42935312692337,350.3996426260625
120.02640946131278,350.4672126080708
101.42935312692337,350.5347763432857
109.69430138717549,350.6023338317072
107.6280030570784,350.6698850733353
111.76064070190729,350.73743006817006
114.86022670236383,350.80496881621133
97.2971231931485,350.8725013174592
94.19805700200273,350.94002757191373
130.35955230202617,351.0075475795748
117.95990538325727,351.0750613404425
105.5617456273083,351.1425688545168
109.69430138717549,351.2100701217977
95.23106896817144,351.2775651422852
103.49552901263895,351.34505391597935
98.33016547441987,351.41253644288
95.23106896817144,351.4800127229873
105.5617456273083,351.54748275630124
90.06610984800567,351.6149465428217
89.03314817985182,351.68240408254877
120.02640946131278,351.7498553754825
113.82702108466523,351.8173004216228
121.0596770175692,351.8847392209697
102.46243598408216,351.9521717735232
113.82702108466523,352.0195980792833
104.52863222344862,352.08701813825
97.2971231931485,352.1544319504233
93.16505511830816,352.2218395158032
95.23106896817144,352.2892408343898
97.2971231931485,352.3566359061828
95.23106896817144,352.4240247311825
91.09908155277441,352.4914073093888
97.2971231931485,352.5587836408017
111.76064070190729,352.6261537254212
104.52863222344862,352.6935175632473
105.5617456273083,352.76087515428003
86.96725490688553,352.82822649851926
111.76064070190729,352.89557159596524
93.16505511830816,352.9629104466177
93.16505511830816,353.03024305047677
104.52863222344862,353.0975694075425
95.23106896817144,353.1648895178148
111.76064070190729,353.2322033812937
100.39628043025,353.2995109979792
97.2971231931485,353.3668123678713
110.72746591622862,353.43410749097
106.59486923495757,353.50139636727533
93.16505511830816,353.5686789967872
110.72746591622862,353.63595537950573
101.42935312692337,353.7032255154308
95.23106896817144,353.7704894045625
95.23106896817144,353.8377470469008
98.33016547441987,353.90499844244573
103.49552901263895,353.97224359119724
111.76064070190729,354.03948249315533
88.00019653670171,354.10671514832
91.09908155277441,354.17394155669126
91.09908155277441,354.24116171826927
105.5617456273083,354.3083756330537
115.89344261792671,354.3755833010448
105.5617456273083,354.4427847222425
108.66114710429534,354.5099798966468
104.52863222344862,354.57716882425774
118.99315225318888,354.64435150507524
108.66114710429534,354.7115279390993
107.6280030570784,354.77869812633
84.90140164028206,354.8458620667673
95.23106896817144,354.9130197604112
97.2971231931485,354.9801712072617
107.6280030570784,355.0473164073188
104.52863222344862,355.1144553605825
101.42935312692337,355.1815880670528
106.59486923495757,355.2487145267297
86.96725490688553,355.3158347396132
103.49552901263895,355.3829487057033
111.76064070190729,355.450056425
108.66114710429534,355.5171578975033
76.6383867326456,355.5842531232132
103.49552901263895,355.6513421021297
116.92666884152108,355.7184248342528
101.42935312692337,355.7855013195825
99.36321788309161,355.8525715581188
103.49552901263895,355.9196355498617
82.83558828550694,355.98669329481123
98.33016547441987,356.05374479296734
99.36321788309161,356.12079004433
99.36321788309161,356.18782904889935
88.00019653670171,356.2548618066752
91.09908155277441,356.32188831765774
108.66114710429534,356.3889085818468
121.0596770175692,356.4559225992425
114.86022670236383,356.5229303698448
99.36321788309161,356.5899318936537
106.59486923495757,356.65692717066923
103.49552901263895,356.7239162008913
109.69430138717549,356.79089898432005
107.6280030570784,356.8578755209553
139.66027355549423,356.92484581079725
112.79382575460676,356.99180985384567
121.0596770175692,357.0587676501008
116.92666884152108,357.1257191995625
106.59486923495757,357.1926645022308
115.89344261792671,357.2596035581057
108.66114710429534,357.3265363671872
95.23106896817144,357.39346292947533
100.39628043025,357.46038324497005
103.49552901263895,357.52729731367134
108.66114710429534,357.59420513557916
101.42935312692337,357.66110671069373
102.46243598408216,357.72800203901477
110.72746591622862,357.7948911205425
111.76064070190729,357.8617739552768
110.72746591622862,357.9286505432177
126.22617036479022,357.9955208843652
134.49310134909555,358.0623849787193
90.06610984800567,358.12924282628
113.82702108466523,358.19609442704734
111.76064070190729,358.26293978102126
109.69430138717549,358.3297788882017
123.12624321395762,358.3966117485888
126.22617036479022,358.4634383621825
120.02640946131278,358.5302587289828
133.45969838820412,358.59707284898974
121.0596770175692,358.6638807222032
129.32619117457938,358.7306823486233
117.95990538325727,358.79747772825004
118.99315225318888,358.8642668610833
98.33016547441987,358.9310497471232
98.33016547441987,358.99782638636975
97.2971231931485,359.0645967788228
115.89344261792671,359.1313609244825
86.96725490688553,359.1981188233488
108.66114710429534,359.26487047542173
107.6280030570784,359.33161588070124
102.46243598408216,359.3983550391873
106.59486923495757,359.46508795088005
83.86848997986118,359.53181461577935
112.79382575460676,359.59853503388524
102.46243598408216,359.6652492051977
104.52863222344862,359.7319571297168
104.52863222344862,359.7986588074425
107.6280030570784,359.86535423837483
97.2971231931485,359.9320434225137
107.6280030570784,359.99872635985923
99.36321788309161,360.0654030504113
100.39628043025,360.13207349417
99.36321788309161,360.1987376911353
103.49552901263895,360.2653956413072
98.33016547441987,360.33204734468575
101.42935312692337,360.3986928012708
97.2971231931485,360.4653320110625
101.42935312692337,360.5319649740608
121.0596770175692,360.5985916902657
109.69430138717549,360.6652121596772
90.06610984800567,360.7318263822953
116.92666884152108,360.79843435812
93.16505511830816,360.86503608715134
98.33016547441987,360.93163156938925
108.66114710429534,360.9982208048337
103.49552901263895,361.06480379348477
107.6280030570784,361.1313805353425
93.16505511830816,361.1979510304068
99.36321788309161,361.2645152786777
92.13206330571057,361.33107328015524
105.5617456273083,361.39762503483934
107.6280030570784,361.46417054273
97.2971231931485,361.53070980382734
111.76064070190729,361.5972428181312
99.36321788309161,361.6637695856418
102.46243598408216,361.7302901063588
124.15954187368747,361.7968043802825
124.15954187368747,361.8633124074128
107.6280030570784,361.9298141877497
91.09908155277441,361.99630972129324
117.95990538325727,362.0627990080433
99.36321788309161,362.12928204800005
100.39628043025,362.19575884116335
109.69430138717549,362.26222938753324
99.36321788309161,362.3286936871097
106.59486923495757,362.3951517398928
107.6280030570784,362.4616035458825
112.79382575460676,362.5280491050788
89.03314817985182,362.5944884174817
84.90140164028206,362.6609214830912
96.26409102813317,362.72734830190734
106.59486923495757,362.79376887393005
94.19805700200273,362.86018319915934
105.5617456273083,362.9265912775952
121.0596770175692,362.9929931092378
106.59486923495757,363.0593886940868
92.13206330571057,363.1257780321425
92.13206330571057,363.1921611234048
98.33016547441987,363.25853796787374
121.0596770175692,363.3249085655492
102.46243598408216,363.3912729164313
109.69430138717549,363.45763102052
113.82702108466523,363.52398287781534
95.23106896817144,363.59032848831725
111.76064070190729,363.6566678520257
105.5617456273083,363.7230009689408
102.46243598408216,363.7893278390625
102.46243598408216,363.85564846239083
92.13206330571057,363.9219628389257
91.09908155277441,363.9882709686672
88.00019653670171,364.0545728516153
82.83558828550694,364.12086848777005
115.89344261792671,364.1871578771313
98.33016547441987,364.2534410196992
98.33016547441987,364.31971791547375
97.2971231931485,364.3859885644548
96.26409102813317,364.4522529666425
101.42935312692337,364.5185111220368
98.33016547441987,364.5847630306377
107.6280030570784,364.6510086924452
124.15954187368747,364.71724810745934
108.66114710429534,364.78348127568
111.76064070190729,364.84970819710736
107.6280030570784,364.91592887174124
104.52863222344862,364.9821432995817
115.89344261792671,365.0483514806288
86.96725490688553,365.1145534148825
104.52863222344862,365.1807491023428
103.49552901263895,365.2469385430097
85.93432327867477,365.3131217368832
93.16505511830816,365.3792986839633
97.2971231931485,365.44546938425003
98.33016547441987,365.5116338377433
91.09908155277441,365.5777920444432
93.16505511830816,365.64394400434975
107.6280030570784,365.7100897174628
89.03314817985182,365.7762291837825
107.6280030570784,365.8423624033088
90.06610984800567,365.9084893760417
98.33016547441987,365.9746101019812
116.92666884152108,366.04072458112734
86.96725490688553,366.10683281348
106.59486923495757,366.17293479903935
103.49552901263895,366.23903053780526
101.42935312692337,366.3051200297777
103.49552901263895,366.37120327495677
80.76981474708253,366.4372802733425
102.46243598408216,366.50335102493483
97.2971231931485,366.5694155297337
99.36321788309161,366.6354737877392
102.46243598408216,366.7015257989513
86.96725490688553,366.76757156337004
97.2971231931485,366.83361108099535
92.13206330571057,366.8996443518272
91.09908155277441,366.9656713758657
105.5617456273083,367.0316921531108
78.7040809285857,367.0977066835625
97.2971231931485,367.1637149672208
116.92666884152108,367.2297170040857
91.09908155277441,367.2957127941572
95.23106896817144,367.3617023374353
84.90140164028206,367.42768563392
96.26409102813317,367.49366268361126
102.46243598408216,367.55963348650926
111.76064070190729,367.62559804261366
93.16505511830816,367.6915563519249
95.23106896817144,367.7575084144425
96.26409102813317,367.8234542301668
103.49552901263895,367.8893937990977
93.16505511830816,367.9553271212352
99.36321788309161,368.0212541965793
106.59486923495757,368.08717502512997
104.52863222344862,368.1530896068873
108.66114710429534,368.21899794185117
97.2971231931485,368.28490003002173
116.92666884152108,368.3507958713988
124.15954187368747,368.4166854659825
116.92666884152108,368.4825688137728
95.23106896817144,368.54844591476973
100.39628043025,368.6143167689732
100.39628043025,368.6801813763833
98.33016547441987,368.74603973700005
108.66114710429534,368.81189185082326
103.49552901263895,368.8777377178532
95.23106896817144,368.9435773380897
115.89344261792671,369.00941071153284
104.52863222344862,369.0752378381825
76.6383867326456,369.14105871803883
97.2971231931485,369.2068733511017
122.09295493184176,369.2726817373712
101.42935312692337,369.3384838768473
95.23106896817144,369.40427976953004
93.16505511830816,369.47006941541935
107.6280030570784,369.5358528145152
108.66114710429534,369.60162996681777
106.59486923495757,369.66740087232677
103.49552901263895,369.7331655310426
104.52863222344862,369.7989239429648
96.26409102813317,369.8646761080937
111.76064070190729,369.9304220264292
109.69430138717549,369.99616169797133
99.36321788309161,370.06189512272005
103.49552901263895,370.1276223006753
101.42935312692337,370.1933432318372
79.7369428789066,370.2590579162057
90.06610984800567,370.32476635378083
100.39628043025,370.3904685445625
102.46243598408216,370.4561644885508
110.72746591622862,370.5218541857457
114.86022670236383,370.5875376361472
110.72746591622862,370.6532148397553
95.23106896817144,370.71888579657
125.19285092074567,370.78455050659136
137.59337315642878,370.85020896981916
104.52863222344862,370.9158611862537
116.92666884152108,370.9815071558948
106.59486923495757,371.0471468787426
112.79382575460676,371.1127803547968
109.69430138717549,371.1784075840577
102.46243598408216,371.24402856652523
92.13206330571057,371.30964330219933
96.26409102813317,371.37525179108
82.83558828550694,371.4408540331673
80.76981474708253,371.50645002846124
108.66114710429534,371.5720397769617
101.42935312692337,371.63762327866885
91.09908155277441,371.7032005335825
91.09908155277441,371.7687715417028
105.5617456273083,371.8343363030297
115.89344261792671,371.8998948175632
112.79382575460676,371.9654470853033
96.26409102813317,372.03099310625004
122.09295493184176,372.09653288040334
105.5617456273083,372.1620664077632
98.33016547441987,372.22759368832976
86.96725490688553,372.2931147221028
110.72746591622862,372.35862950908256
109.69430138717549,372.4241380492688
101.42935312692337,372.4896403426617
99.36321788309161,372.55513638926124
101.42935312692337,372.6206261890673
92.13206330571057,372.68610974208
104.52863222344862,372.75158704829926
92.13206330571057,372.81705810772525
105.5617456273083,372.8825229203577
107.6280030570784,372.94798148619685
104.52863222344862,373.01343380524247
121.0596770175692,373.0788798774948
103.49552901263895,373.14431970295374
103.49552901263895,373.2097532816192
100.39628043025,373.27518061349133
122.09295493184176,373.34060169857
136.55993872413686,373.40601653685536
110.72746591622862,373.47142512834716
103.49552901263895,373.5368274730457
115.89344261792671,373.6022235709508
124.15954187368747,373.6676134220626
127.25950021542295,373.7329970263808
122.09295493184176,373.7983743839057
106.59486923495757,373.8637454946372
115.89344261792671,373.9291103585753
133.45969838820412,373.99446897572005
103.49552901263895,374.05982134607126
124.15954187368747,374.1251674696292
80.76981474708253,374.1905073463937
126.22617036479022,374.2558409763649
123.12624321395762,374.3211683595425
116.92666884152108,374.3864894959268
133.45969838820412,374.45180438551773
91.09908155277441,374.51711302831524
99.36321788309161,374.5824154243193
92.13206330571057,374.64771157353005
99.36321788309161,374.71300147594735
117.95990538325727,374.7782851315712
126.22617036479022,374.84356254040176
110.72746591622862,374.9088337024388
108.66114710429534,374.97409861768256
109.69430138717549,375.0393572861328
107.6280030570784,375.10460970778973
122.09295493184176,375.1698558826532
108.66114710429534,375.23509581072335
101.42935312692337,375.300329492
96.26409102813317,375.3655569264833
101.42935312692337,375.4307781141732
95.23106896817144,375.4959930550697
82.83558828550694,375.5612017491728
110.72746591622862,375.6264041964825
124.15954187368747,375.6916003969988
126.22617036479022,375.7567903507217
124.15954187368747,375.82197405765123
124.15954187368747,375.88715151778734
112.79382575460676,375.95232273113004
116.92666884152108,376.0174876976793
114.86022670236383,376.08264641743517
124.15954187368747,376.1477988903977
124.15954187368747,376.2129451165668
124.15954187368747,376.2780850959426
107.6280030570784,376.3432188285248
95.23106896817144,376.4083463143137
99.36321788309161,376.4734675533092
100.39628043025,376.5385825455113
102.46243598408216,376.60369129092004
114.86022670236383,376.6687937895353
117.95990538325727,376.73389004135726
93.16505511830816,376.7989800463857
113.82702108466523,376.86406380462086
101.42935312692337,376.9291413160625
90.06610984800567,376.9942125807108
80.76981474708253,377.0592775985657
95.23106896817144,377.1243363696272
91.09908155277441,377.18938889389534
93.16505511830816,377.25443517137
104.52863222344862,377.3194752020513
96.26409102813317,377.3845089859392
86.96725490688553,377.44953652303377
95.23106896817144,377.5145578133348
78.7040809285857,377.57957285684256
96.26409102813317,377.6445816535568
99.36321788309161,377.70958420347773
80.76981474708253,377.7745805066052
86.96725490688553,377.83957056293934
92.13206330571057,377.90455437248005
84.90140164028206,377.9695319352273
91.09908155277441,378.03450325118126
75.60555446244624,378.0994683203417
86.96725490688553,378.16442714270886
81.80269654525516,378.2293797182825
89.03314817985182,378.2943260470628
99.36321788309161,378.35926612904973
80.76981474708253,378.4241999642432
94.19805700200273,378.4891275526433
95.23106896817144,378.55404889425
105.5617456273083,378.61896398906333
106.59486923495757,378.6838728370832
97.2971231931485,378.74877543830974
92.13206330571057,378.8136717927428
91.09908155277441,378.8785619003826
84.90140164028206,378.9434457612288
90.06610984800567,379.0083233752817
93.16505511830816,379.0731947425412
118.99315225318888,379.1380598630073
104.52863222344862,379.20291873668003
101.42935312692337,379.2677713635593
95.23106896817144,379.33261774364524
111.76064070190729,379.39745787693766
108.66114710429534,379.46229176343684
96.26409102813317,379.5271194031425
89.03314817985182,379.5919407960548
80.76981474708253,379.65675594217373
94.19805700200273,379.72156484149923
95.23106896817144,379.7863674940313
112.79382575460676,379.85116389977003
101.42935312692337,379.91595405871533
107.6280030570784,379.98073797086715
85.93432327867477,380.04551563622573
90.06610984800567,380.1102870547908
83.86848997986118,380.17505222656257
91.09908155277441,380.2398111515408
81.80269654525516,380.30456382972574
106.59486923495757,380.3693102611172
99.36321788309161,380.43405044571534
91.09908155277441,380.49878438352005
105.5617456273083,380.5635120745313
84.90140164028206,380.62823351874925
95.23106896817144,380.6929487161737
89.03314817985182,380.75765766680485
107.6280030570784,380.8223603706425
104.52863222344862,380.8870568276868
86.96725490688553,380.9517470379377
103.49552901263895,381.01643100139523
81.80269654525516,381.08110871805934
92.13206330571057,381.14578018793003
95.23106896817144,381.21044541100736
99.36321788309161,381.2751043872912
93.16505511830816,381.33975711678175
96.26409102813317,381.40440359947877
112.79382575460676,381.46904383538254
109.69430138717549,381.5336778244928
116.92666884152108,381.5983055668097
105.5617456273083,381.6629270623332
105.5617456273083,381.7275423110633
101.42935312692337,381.79215131300003
94.19805700200273,381.8567540681433
104.52863222344862,381.92135057649324
122.09295493184176,381.9859408380497
109.69430138717549,382.0505248528128
102.46243598408216,382.1151026207825
118.99315225318888,382.1796741419588
129.32619117457938,382.2442394163417
115.89344261792671,382.3087984439312
122.09295493184176,382.37335122472734
93.16505511830816,382.43789775873
109.69430138717549,382.50243804593936
110.72746591622862,382.5669720863552
120.02640946131278,382.63149987997775
124.15954187368747,382.6960214268068
128.2928404821895,382.76053672684253
130.35955230202617,382.8250457800848
110.72746591622862,382.8895485865337
130.35955230202617,382.95404514618923
94.19805700200273,383.01853545905135
126.22617036479022,383.08301952512005
105.5617456273083,383.1474973443953
134.49310134909555,383.21196891687725
114.86022670236383,383.2764342425657
117.95990538325727,383.34089332146084
110.72746591622862,383.4053461535625
132.42630589954476,383.4697927388708
113.82702108466523,383.5342330773857
121.0596770175692,383.5986671691072
136.55993872413686,383.6630950140353
148.96184741150654,383.72751661217
132.42630589954476,383.79193196351133
124.15954187368747,383.8563410680592
123.12624321395762,383.9207439258137
128.2928404821895,383.9851405367748
130.35955230202617,384.04953090094256
109.69430138717549,384.1139150183168
130.35955230202617,384.1782928888977
99.36321788309161,384.2426645126852
106.59486923495757,384.3070298896793
107.6280030570784,384.37138901988004
103.49552901263895,384.4357419032873
108.66114710429534,384.50008853990124
92.13206330571057,384.5644289297217
101.42935312692337,384.6287630727488
106.59486923495757,384.6930909689825
80.76981474708253,384.7574126184228
103.49552901263895,384.8217280210697
114.86022670236383,384.8860371769232
108.66114710429534,384.9503400859833
99.36321788309161,385.01463674825004
92.13206330571057,385.07892716372334
93.16505511830816,385.14321133240315
114.86022670236383,385.2074892542897
113.82702108466523,385.2717609293828
97.2971231931485,385.33602635768256
80.76981474708253,385.4002855391888
100.39628043025,385.4645384739017
108.66114710429534,385.5287851618212
104.52863222344862,385.5930256029473
107.6280030570784,385.65725979728
104.52863222344862,385.7214877448193
109.69430138717549,385.78570944556526
99.36321788309161,385.8499248995177
111.76064070190729,385.91413410667684
107.6280030570784,385.9783370670425
114.86022670236383,386.0425337806148
106.59486923495757,386.1067242473937
100.39628043025,386.1709084673792
92.13206330571057,386.2350864405713
104.52863222344862,386.29925816697005
106.59486923495757,386.3634236465753
102.46243598408216,386.42758287938716
107.6280030570784,386.49173586540576
105.5617456273083,386.55588260463077
104.52863222344862,386.62002309706253
101.42935312692337,386.6841573427008
110.72746591622862,386.74828534154574
83.86848997986118,386.81240709359724
107.6280030570784,386.87652259885533
100.39628043025,386.94063185732
96.26409102813317,387.00473486899125
88.00019653670171,387.06883163386925
82.83558828550694,387.13292215195366
95.23106896817144,387.19700642324483
93.16505511830816,387.2610844477425
108.66114710429534,387.3251562254468
93.16505511830816,387.3892217563577
88.00019653670171,387.4532810404752
96.26409102813317,387.5173340777993
100.39628043025,387.58138086833003
89.03314817985182,387.6454214120673
83.86848997986118,387.7094557090112
99.36321788309161,387.77348375916176
80.76981474708253,387.8375055625188
89.03314817985182,387.90152111908253
90.06610984800567,387.9655304288528
82.83558828550694,388.02953349182974
81.80269654525516,388.0935303080132
98.33016547441987,388.15752087740333
94.19805700200273,388.2215052
100.39628043025,388.2854832758033
86.96725490688553,388.3494551048132
91.09908155277441,388.4134206870297
100.39628043025,388.47738002245285
82.83558828550694,388.5413331110825
101.42935312692337,388.6052799529188
92.13206330571057,388.6692205479617
84.90140164028206,388.7331548962112
93.16505511830816,388.7970829976673
104.52863222344862,388.86100485233004
77.67122888391881,388.92492046019936
88.00019653670171,388.9888298212752
95.23106896817144,389.05273293555774
96.26409102813317,389.1166298030468
83.86848997986118,389.18052042374256
88.00019653670171,389.2444047976448
95.23106896817144,389.3082829247537
101.42935312692337,389.3721548050692
99.36321788309161,389.4360204385913
68.37600419373781,389.49987982532
83.86848997986118,389.56373296525527
82.83558828550694,389.6275798583972
81.80269654525516,389.6914205047457
85.93432327867477,389.75525490430084
90.06610984800567,389.81908305706247
82.83558828550694,389.8829049630308
88.00019653670171,389.9467206222057
93.16505511830816,390.0105300345872
90.06610984800567,390.0743332001753
99.36321788309161,390.13813011897
100.39628043025,390.2019207909713
94.19805700200273,390.2657052161792
103.49552901263895,390.32948339459375
68.37600419373781,390.3932553262148
82.83558828550694,390.45702101104257
86.96725490688553,390.5207804490768
91.09908155277441,390.5845336403177
80.76981474708253,390.6482805847652
82.83558828550694,390.7120212824193
94.19805700200273,390.77575573328005
93.16505511830816,390.83948393734727
86.96725490688553,390.90320589462124
75.60555446244624,390.9669216051017
82.83558828550694,391.03063106878886
86.96725490688553,391.0943342856825
86.96725490688553,391.1580312557828
82.83558828550694,391.2217219790897
-5.440271604342864,397.4190605
7.095439556449642,397.5294444724215
-6.580375657301802,397.6398207881322
-7.720562036456585,397.7501894448011
-8.860830741948,397.8605504400975
2.5381516587640043,397.97090377169036
8.234555730343143,398.081249437249
2.5381516587640043,398.19158743444234
12.790197253946753,398.3019177609398
-6.580375657301802,398.4122404144103
12.790197253946753,398.522555392523
2.5381516587640043,398.6328626929471
-14.563409164678475,398.7431623133517
4.816960249807918,398.853454251406
-2.020453400228404,398.96373850477914
-13.422728827744574,399.07401507114014
-6.580375657301802,399.1842839481582
12.790197253946753,399.2945451335025
-3.1603104761143297,399.40479862484216
11.651410346568843,399.5150444198463
-25.974740374253756,399.62528251618403
18.482897114110823,399.73551291152444
11.651410346568843,399.84573560353687
-5.440271604342864,399.95595058989034
19.621190161042374,400.066157868254
29.862124094645402,400.1763574362969
19.621190161042374,400.28654929168823
27.586937060450328,400.39673343209716
3.677597115247902,400.5069098551929
26.449220107600446,400.61707855864444
19.621190161042374,400.727239540121
38.95958095149897,400.83739279729167
25.31142086141311,400.9475383278256
8.234555730343143,401.05767612939206
29.862124094645402,401.16780619966005
26.449220107600446,401.27792853629865
20.759400903325318,401.3880431369771
35.54865170234428,401.4981499993645
42.36976980162878,401.60824912113003
17.344521760872016,401.7183404999428
26.449220107600446,401.82842413347197
19.621190161042374,401.93850001938665
27.586937060450328,402.048568155356
8.234555730343143,402.1586285390492
32.136981981655396,402.2686811681353
49.187926620470506,402.37872604028337
11.651410346568843,402.4887631531627
24.173539319841787,402.59879250444243
21.897529342683207,402.7088140917916
24.173539319841787,402.8188279128794
38.95958095149897,402.928833965375
26.449220107600446,403.03883224694744
42.36976980162878,403.148822755266
33.274287500764096,403.2588054879997
11.651410346568843,403.3687804428177
18.482897114110823,403.4787476173891
34.41151074016211,403.5887070093832
28.72457172207362,403.69865861646895
29.862124094645402,403.8086024363156
5.956241063250864,403.9185384665922
25.31142086141311,404.028466704968
26.449220107600446,404.1383871491121
24.173539319841787,404.2482997966936
25.31142086141311,404.35820464538153
20.759400903325318,404.4681016928453
26.449220107600446,404.5779909367539
37.82268680535884,404.6878723747764
61.680192005129776,404.7977460045821
42.36976980162878,404.9076118238399
15.067524129162896,405.0174698302192
40.09639283103858,405.127320021389
33.274287500764096,405.2371623950185
37.82268680535884,405.3469969487767
35.54865170234428,405.45682368033283
20.759400903325318,405.56664258735617
37.82268680535884,405.6764536675156
59.409610962475064,405.7862569184805
19.621190161042374,405.89605233791974
23.035575480904356,406.00583992350266
11.651410346568843,406.1156196728984
42.36976980162878,406.225391583776
43.50633489849362,406.33515565380463
17.344521760872016,406.4449118806535
28.72457172207362,406.5546602619916
52.595894759754216,406.6644007954882
42.36976980162878,406.7741334788124
28.72457172207362,406.8838583096333
13.928901847700473,406.99357528562007
40.09639283103858,407.10328440444187
36.68571038986915,407.21298566376777
30.999594180404905,407.322679061267
46.91553667157643,407.4323645946086
45.77921833037134,407.5420422614618
26.449220107600446,407.6517120594957
37.82268680535884,407.76137398637945
24.173539319841787,407.8710280397821
30.999594180404905,407.9806742173729
30.999594180404905,408.090312516821
20.759400903325318,408.19994293579543
33.274287500764096,408.3095654719654
13.928901847700473,408.419180123
26.449220107600446,408.5287868865684
38.95958095149897,408.6383857603398
29.862124094645402,408.7479767419832
37.82268680535884,408.8575598291679
35.54865170234428,408.9671350195629
38.95958095149897,409.0767023108374
25.31142086141311,409.1862617006605
24.173539319841787,409.2958131867014
17.344521760872016,409.4053567666291
56.00312284111241,409.51489243811295
24.173539319841787,409.624420198822
54.867462370043135,409.73394004642535
29.862124094645402,409.84345197859216
40.09639283103858,409.9529559929915
50.32399823472802,410.0624520872926
46.91553667157643,410.1719402591646
19.621190161042374,410.2814205062766
36.68571038986915,410.3908928262978
49.187926620470506,410.50035721689716
33.274287500764096,410.60981367574396
30.999594180404905,410.7192622005074
43.50633489849362,410.8287027888565
23.035575480904356,410.93813543846045
37.82268680535884,411.0475601469883
34.41151074016211,411.15697691210937
27.586937060450328,411.2663857314927
35.54865170234428,411.3757866028073
44.64281774038624,411.4851795237225
41.23312244679,411.59456449190736
37.82268680535884,411.70394150503097
38.95958095149897,411.8133105607626
23.035575480904356,411.9226716567713
40.09639283103858,412.03202479072615
35.54865170234428,412.14136996029634
42.36976980162878,412.25070716315116
38.95958095149897,412.36003639695946
29.862124094645402,412.4693576593906
71.8937383560604,412.5786709481136
35.54865170234428,412.68797626079777
44.64281774038624,412.797273595112
56.00312284111241,412.9065629487256
46.91553667157643,413.0158443193076
45.77921833037134,413.12511770452727
33.274287500764096,413.23438310205364
71.8937383560604,413.3436405095559
28.72457172207362,413.45288992470313
57.13870109436309,413.5621313451645
38.95958095149897,413.6713647686092
41.23312244679,413.78059019270637
25.31142086141311,413.889807615125
57.13870109436309,413.9990170335343
51.45998761334244,414.1082184456036
27.586937060450328,414.2174118490018
56.00312284111241,414.3265972413981
57.13870109436309,414.43577462046164
43.50633489849362,414.5449439838616
20.759400903325318,414.65410532926705
43.50633489849362,414.76325865434717
30.999594180404905,414.8724039567711
30.999594180404905,414.981541234208
41.23312244679,415.09067048432695
25.31142086141311,415.1997917047972
18.482897114110823,415.3089048932877
42.36976980162878,415.41801004746776
42.36976980162878,415.5271071650063
52.595894759754216,415.6361962435728
44.64281774038624,415.74527728083615
56.00312284111241,415.85435027446556
23.035575480904356,415.9634152221301
38.95958095149897,416.07247212149895
45.77921833037134,416.1815209702413
30.999594180404905,416.2905617660263
54.867462370043135,416.399594506523
30.999594180404905,416.5086191894005
46.91553667157643,416.6176358123281
40.09639283103858,416.7266443729748
36.68571038986915,416.83564486900985
45.77921833037134,416.94463729810235
19.621190161042374,417.05362165792127
26.449220107600446,417.16259794613603
46.91553667157643,417.27156616041555
30.999594180404905,417.38052629842906
52.595894759754216,417.4894783578457
29.862124094645402,417.5984223363346
16.206064099732252,417.7073582315649
27.586937060450328,417.8162860412057
40.09639283103858,417.92520576292617
17.344521760872016,418.0341173943955
35.54865170234428,418.1430209332827
48.051772767191835,418.251916377257
59.409610962475064,418.36080372398754
41.23312244679,418.46968297114347
34.41151074016211,418.57855411639383
58.274197133546316,418.6874171574078
44.64281774038624,418.79627209185463
46.91553667157643,418.90511891740334
63.950444254064884,419.0139576317231
37.82268680535884,419.122788232483
19.621190161042374,419.2316107173523
30.999594180404905,419.340425084
38.95958095149897,419.4492313300953
38.95958095149897,419.55802945330737
33.274287500764096,419.66681945130534
63.950444254064884,419.77560132175824
28.72457172207362,419.88437506233544
49.187926620470506,419.99314067070577
60.54494258502407,420.10189814453855
52.595894759754216,420.210647481503
28.72457172207362,420.31938867926806
16.206064099732252,420.428121735503
46.91553667157643,420.53684664787687
37.82268680535884,420.6455634140589
53.73171967746611,420.75427203171824
54.867462370043135,420.8629724985239
38.95958095149897,420.97166481214515
51.45998761334244,421.08034897025095
25.31142086141311,421.1890249705107
30.999594180404905,421.29769281059333
41.23312244679,421.40635248816807
80.96685928452244,421.515004000904
35.54865170234428,421.6236473464703
34.41151074016211,421.7322825225361
56.00312284111241,421.84090952677053
12.790197253946753,421.94952835684273
52.595894759754216,422.0581390104219
44.64281774038624,422.16674148517706
60.54494258502407,422.2753357787774
53.73171967746611,422.3839218888921
74.16251145232725,422.49249981319025
101.36216925705291,422.60106954934093
93.43381948076674,422.70963109501344
105.89085026364694,422.8181844478769
97.96479730990407,422.92672960560026
94.56668701640046,423.03526656585285
70.75922857067205,423.14379532630363
51.45998761334244,423.2523158846219
53.73171967746611,423.36082823847676
63.950444254064884,423.46933238553726
26.449220107600446,423.5778283234726
41.23312244679,423.686316049952
28.72457172207362,423.7947955626445
58.274197133546316,423.90326685921923
65.08544709107476,424.0117299373454
45.77921833037134,424.120184794692
58.274197133546316,424.2286314289284
69.62463662102911,424.33706983772356
16.206064099732252,424.4455000187466
49.187926620470506,424.5539219696668
78.69907187799302,424.6623356881532
46.91553667157643,424.770741171875
61.680192005129776,424.87913841850127
70.75922857067205,424.9875274257012
46.91553667157643,425.09590819114385
69.62463662102911,425.2042807124985
48.051772767191835,425.3126449874341
88.90152866308783,425.42100101362
42.36976980162878,425.52934878872514
44.64281774038624,425.63768831041875
38.95958095149897,425.74601957637003
38.95958095149897,425.854342584248
37.82268680535884,425.96265733172186
45.77921833037134,426.0709638164608
49.187926620470506,426.17926203613376
42.36976980162878,426.2875519884101
48.051772767191835,426.3958336709589
60.54494258502407,426.5041070814492
40.09639283103858,426.6123722175502
54.867462370043135,426.7206290769311
71.8937383560604,426.828877657261
29.862124094645402,426.937117956209
38.95958095149897,427.04534997144424
57.13870109436309,427.1535737006359
48.051772767191835,427.26178914145305
56.00312284111241,427.369996291565
61.680192005129776,427.4781951486406
42.36976980162878,427.58638571034925
37.82268680535884,427.6945679743599
40.09639283103858,427.8027419383419
26.449220107600446,427.9109075999642
37.82268680535884,428.019064956896
36.68571038986915,428.1272140068064
66.22036774200205,428.2353547473646
58.274197133546316,428.3434871762398
56.00312284111241,428.451611291101
45.77921833037134,428.5597270896174
61.680192005129776,428.6678345694581
65.08544709107476,428.7759337282923
61.680192005129776,428.88402456378907
46.91553667157643,428.9921070736176
65.08544709107476,429.10018125544707
83.23431820654272,429.20824710694643
58.274197133546316,429.316304625785
44.64281774038624,429.4243538096319
19.621190161042374,429.53239465615627
61.680192005129776,429.64042716302714
37.82268680535884,429.7484513279137
57.13870109436309,429.8564671484852
61.680192005129776,429.9644746224106
65.08544709107476,430.0724737473592
69.62463662102911,430.180464521
97.96479730990407,430.28844694100223
70.75922857067205,430.396421005035
53.73171967746611,430.50438671076745
61.680192005129776,430.6123440558687
73.02816598174246,430.72029303800787
71.8937383560604,430.82823365485416
54.867462370043135,430.9361659040767
62.81535922679021,431.0440897833446
57.13870109436309,431.15200529032694
63.950444254064884,431.259912422693
60.54494258502407,431.3678111781118
63.950444254064884,431.47570155425257
53.73171967746611,431.5835835487843
48.051772767191835,431.6914571593763
46.91553667157643,431.7993223836976
61.680192005129776,431.9071792194174
37.82268680535884,432.0150276642048
49.187926620470506,432.12286771572894
40.09639283103858,432.23069937165894
41.23312244679,432.338522629664
54.867462370043135,432.4463374874132
61.680192005129776,432.5541439425757
56.00312284111241,432.66194199282063
66.22036774200205,432.76973163581715
51.45998761334244,432.87751286923435
46.91553667157643,432.9852856907415
65.08544709107476,433.09305009800755
57.13870109436309,433.2008060887017
48.051772767191835,433.30855366049315
42.36976980162878,433.416292811051
62.81535922679021,433.52402353804445
29.862124094645402,433.6317458391424
38.95958095149897,433.73945971201437
49.187926620470506,433.84716515432916
43.50633489849362,433.9548621637561
38.95958095149897,434.06255073796433
62.81535922679021,434.1702308746228
70.75922857067205,434.2779025714009
62.81535922679021,434.38556582596755
84.36792449862774,434.49322063599203
52.595894759754216,434.6008669991433
62.81535922679021,434.7085049130908
53.73171967746611,434.81613437550345
60.54494258502407,434.9237553840505
73.02816598174246,435.0313679364009
56.00312284111241,435.1389720302239
58.274197133546316,435.2465676631887
56.00312284111241,435.3541548329644
60.54494258502407,435.46173353722014
46.91553667157643,435.56930377362494
63.950444254064884,435.67686553984817
49.187926620470506,435.7844188335588
53.73171967746611,435.89196365242594
69.62463662102911,435.99949999411893
40.09639283103858,436.1070278563067
52.595894759754216,436.21454723665835
74.16251145232725,436.3220581328432
53.73171967746611,436.4295605425304
59.409610962475064,436.5370544633889
71.8937383560604,436.64453989308794
48.051772767191835,436.75201682929674
49.187926620470506,436.85948526968434
66.22036774200205,436.9669452119199
65.08544709107476,437.0743966536725
44.64281774038624,437.18183959261137
45.77921833037134,437.28927402640556
58.274197133546316,437.3966999527243
45.77921833037134,437.5041173692368
61.680192005129776,437.6115262736119
46.91553667157643,437.718926663519
44.64281774038624,437.8263185366272
46.91553667157643,437.9337018906055
67.35520621109028,438.04107672312324
60.54494258502407,438.14844303184935
66.22036774200205,438.2558008144531
69.62463662102911,438.36315006860366
90.03472448003359,438.47049079197006
79.83300664434455,438.57782298222145
59.409610962475064,438.68514663702706
69.62463662102911,438.79246175405603
59.409610962475064,438.8997683309774
58.274197133546316,439.00706636546033
74.16251145232725,439.11435585517387
51.45998761334244,439.22163679778737
53.73171967746611,439.32890919096985
83.23431820654272,439.4361730323905
58.274197133546316,439.5434283197184
75.29677477248438,439.6506750506226
57.13870109436309,439.7579132227725
80.96685928452244,439.86514283383696
67.35520621109028,439.97236388148536
52.595894759754216,440.07957636338665
78.69907187799302,440.18678027721
42.36976980162878,440.2939756206246
65.08544709107476,440.40116239129964
91.16783821824009,440.5083405869042
62.81535922679021,440.6155102051072
76.43095594694395,440.7226712435782
61.680192005129776,440.8298236999861
49.187926620470506,440.93696757199996
56.00312284111241,441.04410285728915
71.8937383560604,441.15122955352257
60.54494258502407,441.2583476583695
33.274287500764096,441.3654571694991
63.950444254064884,441.4725580845804
69.62463662102911,441.57965040128255
61.680192005129776,441.6867341172748
66.22036774200205,441.79380923022615
71.8937383560604,441.9008757378059
77.56505498049654,442.00793363768304
57.13870109436309,442.11498292752674
79.83300664434455,442.22202360500614
71.8937383560604,442.3290556677904
86.63489077100282,442.4360791135487
85.50144868502419,442.5430939399501
85.50144868502419,442.6501001446638
61.680192005129776,442.7570977253589
75.29677477248438,442.86408667970454
73.02816598174246,442.9710670053699
77.56505498049654,443.078038700024
83.23431820654272,443.18500176133614
73.02816598174246,443.2919561869753
61.680192005129776,443.39890197461074
79.83300664434455,443.5058391219116
85.50144868502419,443.6127676265469
77.56505498049654,443.7196874861858
91.16783821824009,443.8265986984976
76.43095594694395,443.9335012611513
82.10062980355804,444.0403951718161
65.08544709107476,444.14728042816097
62.81535922679021,444.2541570278553
65.08544709107476,444.3610249685681
90.03472448003359,444.4678842479684
99.09733665614975,444.5747348637256
92.3008698832754,444.6815768135086
84.36792449862774,444.7884100949867
91.16783821824009,444.89523470582895
109.28650004490558,445.0020506437045
95.69947249592194,445.1088579062824
93.43381948076674,445.215656491232
102.49446252384712,445.3224463962223
108.15469876923164,445.4292276189224
79.83300664434455,445.5360001570015
78.69907187799302,445.6427640081288
96.83217592513543,445.7495191699733
95.69947249592194,445.8562656402043
97.96479730990407,445.96300341649084
84.36792449862774,446.06973249650196
74.16251145232725,446.176452877907
61.680192005129776,446.283164558375
63.950444254064884,446.3898675355751
82.10062980355804,446.49656180717636
82.10062980355804,446.60324737084807
80.96685928452244,446.7099242242592
85.50144868502419,446.8165923650791
60.54494258502407,446.9232517909768
62.81535922679021,447.02990249962136
99.09733665614975,447.136544488682
96.83217592513543,447.24317775582784
83.23431820654272,447.349802298728
65.08544709107476,447.4564181150517
88.90152866308783,447.56302520246794
73.02816598174246,447.669623558646
78.69907187799302,447.7762131812549
84.36792449862774,447.8827940679639
73.02816598174246,447.9893662164421
65.08544709107476,448.0959296243584
99.09733665614975,448.2024842893823
85.50144868502419,448.3090302091828
73.02816598174246,448.415567381429
76.43095594694395,448.52209580379
53.73171967746611,448.62861547393504
78.69907187799302,448.7351263895333
82.10062980355804,448.8416285482537
79.83300664434455,448.9481219477656
67.35520621109028,449.05460658573804
86.63489077100282,449.16108245984015
96.83217592513543,449.2675495677411
78.69907187799302,449.37400790711
70.75922857067205,449.480457475616
83.23431820654272,449.5868982709282
58.274197133546316,449.69333029071583
77.56505498049654,449.799753532648
78.69907187799302,449.9061679943938
66.22036774200205,450.0125736736224
66.22036774200205,450.11897056800285
78.69907187799302,450.22535867520446
65.08544709107476,450.33173799289625
48.051772767191835,450.4381085187474
69.62463662102911,450.54447025042697
71.8937383560604,450.6508231856042
77.56505498049654,450.7571673219482
71.8937383560604,450.8635026571281
71.8937383560604,450.9698291888131
56.00312284111241,451.0761469146721
58.274197133546316,451.1824558323745
77.56505498049654,451.28875593958935
52.595894759754216,451.39504723398585
75.29677477248438,451.50132971323296
83.23431820654272,451.607603375
74.16251145232725,451.71386821695603
79.83300664434455,451.8201242367702
96.83217592513543,451.92637143211164
60.54494258502407,452.0326098006494
66.22036774200205,452.13883934005287
74.16251145232725,452.245060047991
78.69907187799302,452.3512719221329
85.50144868502419,452.45747496014775
66.22036774200205,452.5636691597048
73.02816598174246,452.669854518473
78.69907187799302,452.7760310341216
70.75922857067205,452.88219870431976
66.22036774200205,452.98835752673654
61.680192005129776,453.09450749904113
52.595894759754216,453.2006486189026
87.76825076189404,453.30678088399026
99.09733665614975,453.412904291973
94.56668701640046,453.5190188405201
97.96479730990407,453.6251245273007
97.96479730990407,453.73122134998397
101.36216925705291,453.837309306239
69.62463662102911,453.94338839373495
66.22036774200205,454.04945861014085
79.83300664434455,454.155519953126
52.595894759754216,454.2615724203594
62.81535922679021,454.36761600951024
79.83300664434455,454.47365071824765
76.43095594694395,454.5796765442409
78.69907187799302,454.68569348515894
83.23431820654272,454.79170153867096
77.56505498049654,454.89770070244623
51.45998761334244,455.00369097415364
83.23431820654272,455.10967235146256
69.62463662102911,455.21564483204196
95.69947249592194,455.32160841356114
88.90152866308783,455.42756309368906
65.08544709107476,455.533508870095
70.75922857067205,455.6394457404481
83.23431820654272,455.74537370241734
76.43095594694395,455.851292753672
57.13870109436309,455.9572028918812
74.16251145232725,456.063104114714
83.23431820654272,456.1689964198397
80.96685928452244,456.27487980492725
57.13870109436309,456.38075426764584
92.3008698832754,456.4866198056647
83.23431820654272,456.5924764166529
88.90152866308783,456.6983240982796
67.35520621109028,456.80416284821393
73.02816598174246,456.90999266412496
66.22036774200205,457.015813543682
88.90152866308783,457.121625484554
97.96479730990407,457.22742848441015
69.62463662102911,457.33322254091973
83.23431820654272,457.4390076517516
97.96479730990407,457.54478381457517
66.22036774200205,457.65055102705946
75.29677477248438,457.7563092868736
85.50144868502419,457.8620585916867
58.274197133546316,457.967798939168
85.50144868502419,458.07353032698654
103.6266737763916,458.1792527528115
96.83217592513543,458.28496621431213
92.3008698832754,458.3906707091573
84.36792449862774,458.49636623501635
110.41821934448735,458.6020527895584
54.867462370043135,458.7077303704525
102.49446252384712,458.813398975368
102.49446252384712,458.9190586019737
83.23431820654272,459.024709247939
91.16783821824009,459.130350910933
86.63489077100282,459.2359835886247
94.56668701640046,459.34160727868334
85.50144868502419,459.4472219787781
88.90152866308783,459.55282768657815
69.62463662102911,459.6584243997525
100.22979396985299,459.7640121159703
108.15469876923164,459.8695908329007
111.54985667453936,459.9751605482129
100.22979396985299,460.080721259576
79.83300664434455,460.18627296465917
105.89085026364694,460.29181566113147
111.54985667453936,460.3973493466621
111.54985667453936,460.5028740189202
107.02281551096101,460.6083896755749
99.09733665614975,460.71389631429525
109.28650004490558,460.8193939327506
90.03472448003359,460.9248825286098
126.25368582853294,461.0303620995423
94.56668701640046,461.135832643217
109.28650004490558,461.2412941573031
97.96479730990407,461.3467466394698
78.69907187799302,461.45219008738616
105.89085026364694,461.5576244987214
104.7588030209007,461.6630498711446
125.12311347905394,461.768466202325
105.89085026364694,461.8738734899315
96.83217592513543,461.9792717316334
92.3008698832754,462.08466092509985
118.33795966947923,462.190041068
120.60000521837152,462.2954121580029
86.63489077100282,462.40077419277776
123.99245925057575,462.5061271699937
111.54985667453936,462.61147108731984
148.84794997740818,462.71680594242537
116.07558643271508,462.82213173297936
130.77515658455198,462.92744845665095
160.13282111026822,463.0327561111094
112.68141204168168,463.1380546940237
119.4690234014057,463.243344203063
137.5549076259935,463.3486246358965
142.07310565171903,463.4538959901933
120.60000521837152,463.55915826362263
119.4690234014057,463.6644114538535
136.42515365228067,463.7696555585552
133.03540088266828,463.8748905753966
134.16540028845796,463.9801165020471
127.38417630637515,464.0853333361757
91.16783821824009,464.1905410754517
125.12311347905394,464.295739717544
133.03540088266828,464.40092926012187
114.9442769140056,464.5061097008545
120.60000521837152,464.61128103741095
113.81288545259201,464.71644326746036
105.89085026364694,464.8215963886719
114.9442769140056,464.9267403987146
148.84794997740818,465.0318752952578
119.4690234014057,465.1370010759705
105.89085026364694,465.2421177385218
95.69947249592194,465.347225280581
126.25368582853294,465.4523236998171
113.81288545259201,465.5574129938993
100.22979396985299,465.6624931604967
142.07310565171903,465.7675641972784
105.89085026364694,465.87262610191357
113.81288545259201,465.9776788720715
107.02281551096101,466.08272250542115
96.83217592513543,466.18775699963163
92.3008698832754,466.2927823523722
96.83217592513543,466.39779856131196
104.7588030209007,466.50280562412007
117.20681401557053,466.6078035384656
79.83300664434455,466.7127923020178
143.2024507311812,466.81777191244566
79.83300664434455,466.9227423674184
105.89085026364694,467.02770366460516
111.54985667453936,467.132655801675
93.43381948076674,467.2375987762972
103.6266737763916,467.3425325861408
105.89085026364694,467.447457228875
105.89085026364694,467.5523727021689
104.7588030209007,467.65727900369166
111.54985667453936,467.76217613111226
101.36216925705291,467.86706408210006
91.16783821824009,467.9719428543241
113.81288545259201,468.0768124454535
129.6449116768812,468.1816728531575
101.36216925705291,468.28652407510515
110.41821934448735,468.3913661089656
103.6266737763916,468.496198952408
88.90152866308783,468.6010226031015
91.16783821824009,468.70583705871513
110.41821934448735,468.8106423169182
102.49446252384712,468.9154383753797
101.36216925705291,469.0202252317689
99.09733665614975,469.12500288375475
118.33795966947923,469.2297713290066
95.69947249592194,469.3345305651935
105.89085026364694,469.43928058998466
107.02281551096101,469.544021401049
78.69907187799302,469.64875299605586
83.23431820654272,469.7534753726743
120.60000521837152,469.85818852857346
92.3008698832754,469.9628924614226
92.3008698832754,470.06758716889055
128.51458491999946,470.1722726486468
107.02281551096101,470.2769488983604
92.3008698832754,470.3816159157003
107.02281551096101,470.4862736983358
145.46089563495502,470.590922243936
107.02281551096101,470.69556155017005
131.90531965059967,470.80019161470705
103.6266737763916,470.90481243521623
112.68141204168168,471.0094240093665
102.49446252384712,471.1140263348274
125.12311347905394,471.21861940926766
96.83217592513543,471.3232032303567
122.86172313579259,471.42777779576346
129.6449116768812,471.53234310315725
103.6266737763916,471.636899150207
92.3008698832754,471.74144593458203
85.50144868502419,471.8459834539515
110.41821934448735,471.9505117059843
126.25368582853294,472.0550306883498
127.38417630637515,472.1595403987171
129.6449116768812,472.26404083475535
91.16783821824009,472.36853199413355
108.15469876923164,472.4730138745211
117.20681401557053,472.57748647358676
117.20681401557053,472.681949789
83.23431820654272,472.7864038184298
93.43381948076674,472.8908485595454
119.4690234014057,472.99528401001584
97.96479730990407,473.09971016751024
93.43381948076674,473.2041270296979
117.20681401557053,473.30853459424776
100.22979396985299,473.4129328588291
93.43381948076674,473.51732182111095
112.68141204168168,473.6217014787626
105.89085026364694,473.726071829453
109.28650004490558,473.83043287085144
123.99245925057575,473.9347846006269
97.96479730990407,474.03912701644873
100.22979396985299,474.14346011598593
94.56668701640046,474.2477838969076
97.96479730990407,474.352098356883
91.16783821824009,474.4564034935812
119.4690234014057,474.56069930467135
85.50144868502419,474.66498578782256
110.41821934448735,474.76926294070404
103.6266737763916,474.87353076098475
94.56668701640046,474.9777892463341
117.20681401557053,475.08203839442103
94.56668701640046,475.18627820291476
88.90152866308783,475.2905086694844
110.41821934448735,475.3947297917991
117.20681401557053,475.4989415675279
139.81417019663976,475.6031439943401
111.54985667453936,475.7073370699048
91.16783821824009,475.81152079189104
96.83217592513543,475.91569515796795
96.83217592513543,476.01986016580486
127.38417630637515,476.12401581307074
142.07310565171903,476.2281620974348
127.38417630637515,476.33229901656614
127.38417630637515,476.43642656813387
99.09733665614975,476.5405447498072
118.33795966947923,476.6446535592553
105.89085026364694,476.74875299414714
128.51458491999946,476.85284305215197
110.41821934448735,476.95692373093897
117.20681401557053,477.0609950281772
102.49446252384712,477.16505694153585
125.12311347905394,477.269109468684
130.77515658455198,477.3731526072909
94.56668701640046,477.47718635502554
108.15469876923164,477.5812107095571
126.25368582853294,477.68522566855484
107.02281551096101,477.7892312296877
104.7588030209007,477.893227390625
112.68141204168168,477.99721414903576
127.38417630637515,478.1011915025892
123.99245925057575,478.20515944895436
109.28650004490558,478.3091179858005
126.25368582853294,478.4130671107966
119.4690234014057,478.517006821612
133.03540088266828,478.62093711591564
153.3628784975355,478.7248579913767
114.9442769140056,478.82876944566453
117.20681401557053,478.932671476448
135.29531787572475,479.03656408139636
155.61985265389598,479.14044725817877
109.28650004490558,479.2443210044643
112.68141204168168,479.34818531792206
123.99245925057575,479.4520401962214
138.68457980478684,479.5558856370312
128.51458491999946,479.65972163802076
152.23426890645132,479.76354819685906
126.25368582853294,479.8673653112155
120.60000521837152,479.971172978759
136.42515365228067,480.07497119715873
119.4690234014057,480.1787599640839
151.10557762848646,480.28253927720357
140.9436788095871,480.38630913418694
148.84794997740818,480.49006953270316
128.51458491999946,480.59382047042124
143.2024507311812,480.6975619450104
144.33171405617446,480.80129395413985
151.10557762848646,480.90501649547866
146.5899954758341,481.008729566696
145.46089563495502,481.1124331654609
105.89085026364694,481.2161272894427
118.33795966947923,481.3198119363103
131.90531965059967,481.423487103733
118.33795966947923,481.5271527893799
104.7588030209007,481.63080899092
139.81417019663976,481.73445570602274
107.02281551096101,481.83809293235703
117.20681401557053,481.94172066759205
101.36216925705291,482.045338909397
135.29531787572475,482.14894765544096
101.36216925705291,482.252546903393
126.25368582853294,482.3561366509224
157.87650016777994,482.45971689569825
104.7588030209007,482.5632876353896
111.54985667453936,482.66684886766575
131.90531965059967,482.77040059019566
121.73090512745532,482.8739428006486
120.60000521837152,482.97747549669367
125.12311347905394,483.08099867600004
140.9436788095871,483.1845123362367
136.42515365228067,483.28801647507294
129.6449116768812,483.3915110901779
135.29531787572475,483.4949961792207
146.5899954758341,483.5984717398703
121.73090512745532,483.70193776979613
143.2024507311812,483.8053942666672
104.7588030209007,483.9088412281526
109.28650004490558,484.01227865192146
133.03540088266828,484.115706535643
128.51458491999946,484.21912487698626
145.46089563495502,484.32253367362057
130.77515658455198,484.4259329232149
127.38417630637515,484.52932262343825
116.07558643271508,484.6327027719601
119.4690234014057,484.7360733664494
114.9442769140056,484.8394344045753
116.07558643271508,484.9427858840069
104.7588030209007,485.0461278024135
119.4690234014057,485.149460157464
117.20681401557053,485.2527829468277
114.9442769140056,485.3560961681737
114.9442769140056,485.4593998191711
118.33795966947923,485.5626938974891
136.42515365228067,485.66597840079686
112.68141204168168,485.7692533267635
144.33171405617446,485.872518673058
146.5899954758341,485.97577443734974
130.77515658455198,486.0790206173076
152.23426890645132,486.182257210601
134.16540028845796,486.28548421489893
144.33171405617446,486.3887016278705
155.61985265389598,486.4919094471848
120.60000521837152,486.5951076705112
152.23426890645132,486.6982962955186
155.61985265389598,486.80147531987626
166.89982523314208,486.9046447412533
134.16540028845796,487.0078045573189
151.10557762848646,487.110954765742
144.33171405617446,487.214095364192
154.49140641043394,487.3172263503379
155.61985265389598,487.42034772184877
149.97680465500068,487.52345947639395
133.03540088266828,487.62656161164244
131.90531965059967,487.7296541252634
166.89982523314208,487.83273701492595
130.77515658455198,487.93581027829924
147.71901358717807,488.0388739130524
138.68457980478684,488.1419279168546
152.23426890645132,488.244972287375
155.61985265389598,488.3480070222826
155.61985265389598,488.45103211924675
140.9436788095871,488.55404757593647
134.16540028845796,488.65705339002085
119.4690234014057,488.76004955916915
126.25368582853294,488.8630360810504
116.07558643271508,488.9660129533337
133.03540088266828,489.0689801736884
137.5549076259935,489.1719377397834
137.5549076259935,489.27488564928797
148.84794997740818,489.37782389987126
137.5549076259935,489.48075248920236
148.84794997740818,489.58367141495035
171.40952980007782,489.6865806747845
142.07310565171903,489.7894802663739
156.74821723672528,489.8923701873876
138.68457980478684,489.9952504354948
134.16540028845796,490.0981210083648
152.23426890645132,490.2009819036664
137.5549076259935,490.30383311906894
145.46089563495502,490.40667465224163
144.33171405617446,490.50950650085355
148.84794997740818,490.6123286625737
149.97680465500068,490.71514113507135
142.07310565171903,490.8179439160156
136.42515365228067,490.9207370030756
144.33171405617446,491.02352039392053
131.90531965059967,491.1262940862195
159.00470145597214,491.2290580776415
111.54985667453936,491.33181236585597
142.07310565171903,491.4345569485318
138.68457980478684,491.53729182333825
152.23426890645132,491.6400169879444
135.29531787572475,491.74273244001944
159.00470145597214,491.8454381772324
146.5899954758341,491.9481341972525
175.91792986059602,492.0508204977489
164.64448356970865,492.15349707639064
174.790952109264,492.256163930847
173.66389285520174,492.358821058787
156.74821723672528,492.46146845787985
144.33171405617446,492.56410612579464
135.29531787572475,492.6667340602005
137.5549076259935,492.7693522587666
162.3888155533077,492.87196071916213
130.77515658455198,492.9745594390562
130.77515658455198,493.0771484161178
140.9436788095871,493.1797276480162
154.49140641043394,493.2822971324206
162.3888155533077,493.384856867
151.10557762848646,493.4874068494236
149.97680465500068,493.58994707736065
169.154840618137,493.69247754848
139.81417019663976,493.79499826045105
165.77219519090832,493.89750921094287
142.07310565171903,494.00001039762464
149.97680465500068,494.10250181816525
170.2822259797443,494.20498347023414
152.23426890645132,494.3074553515004
137.5549076259935,494.409917459633
179.2983741961575,494.51236979230123
147.71901358717807,494.6148123471742
147.71901358717807,494.71724512192094
145.46089563495502,494.81966811421074
155.61985265389598,494.92208132171265
163.5166903602537,495.02448474209575
140.9436788095871,495.1268783730294
153.3628784975355,495.2292622121825
153.3628784975355,495.3316362572244
145.46089563495502,495.43400050582403
166.89982523314208,495.5363549556506
144.33171405617446,495.6386996043733
178.17164089419532,495.74103444966124
188.30930877643164,495.84335948918357
183.80449287065287,495.9456747206093
148.84794997740818,496.0479801416078
166.89982523314208,496.1502757498481
193.93849764238982,496.25256154299933
163.5166903602537,496.35483751873056
152.23426890645132,496.45710367471105
178.17164089419532,496.55936000860976
156.74821723672528,496.66160651809605
180.42502603477917,496.76384320083895
198.44038474113114,496.8660700545076
161.26085913968862,496.9682870767711
180.42502603477917,497.0704942652987
186.05706362887852,497.17269161775937
186.05706362887852,497.27487913182244
152.23426890645132,497.37705680515694
178.17164089419532,497.479224635432
180.42502603477917,497.58138262031673
188.30930877643164,497.6835307574804
201.81594651832393,497.7856690445921
193.93849764238982,497.8877974793208
191.68706615855245,497.9899160593359
207.44025788398238,498.09202478230634
231.04021525847122,498.1941236459013
223.1775349010954,498.29621264779
229.9172181587107,498.3982917856415
215.31088378824555,498.50036105712496
233.28596661659705,498.6024204599096
229.9172181587107,498.7044699916644
226.54774102966692,498.80650965005856
254.60447392830397,498.90853943276124
233.28596661659705,499.01055933744163
243.3878433063425,499.11256936176875
282.6107817265082,499.2145695034119
272.5343066282196,499.31655976004
250.11879060795533,499.4185401293223
263.57196866305804,499.52051060892796
279.2526802316684,499.6224711965262
308.33223545732346,499.7244218897859
310.5668811549691,499.82636268637646
317.26889969437696,499.92829358396693
323.96804304618576,500.03021458022636
348.5070260924082,500.132125672824
373.00757694634825,500.234026859429
368.55578168649026,500.33591813771034
348.5070260924082,500.4377995053373
379.6828994938471,500.53967095997905
370.7818374345699,500.64153249930456
350.7359342828285,500.7433841209831
367.4426351794221,500.84522582268374
339.58821569824966,500.94705760207574
322.85171867454693,501.04887945682816
336.24234982466777,501.15069138461007
340.70334521736737,501.25249338309067
296.0359614290871,501.3542854499391
318.385623159825,501.4560675828245
298.27236845881436,501.55783977941604
285.96816019990035,501.65960203738274
287.0871257539034,501.76135435439386
274.77408620128483,501.8630967281185
278.1331523280732,501.9648291562258
262.4513139754389,502.0665516363849
250.11879060795533,502.1682641662649
227.67098105649495,502.26996674353495
227.67098105649495,502.3716593658642
229.9172181587107,502.47334203092186
229.9172181587107,502.57501473637694
214.1867521062816,502.6766774798987
224.30101796400623,502.7783302591562
217.55890380861527,502.8799730718186
200.690840527743,502.981605915555
215.31088378824555,503.08322878803466
224.30101796400623,503.1848416869265
200.690840527743,503.2864446098999
200.690840527743,503.38803755462385
229.9172181587107,503.48962051876754
214.1867521062816,503.5911935
191.68706615855245,503.69275649599047
246.7536804422719,503.79430950440815
241.1435478380224,503.89585252292216
224.30101796400623,503.9973855492015
234.40872089962846,504.09890858091535
242.2657359851637,504.2004216157329
206.3155580521866,504.30192465132336
200.690840527743,504.4034176853558
198.44038474113114,504.5049007154993
181.5515964200392,504.60637373942296
190.5612283958608,504.7078367547961
204.06591474884542,504.80928975928776
189.43530927196997,504.91073275056704
169.154840618137,505.0121657263031
189.43530927196997,505.1135886841651
200.690840527743,505.2150016218222
174.790952109264,505.31640453694354
180.42502603477917,505.4177974271981
215.31088378824555,505.51918029025524
170.2822259797443,505.62055312378396
178.17164089419532,505.7219159254535
187.18322689884934,505.82326869293297
190.5612283958608,505.92461142389135
186.05706362887852,506.02594411599796
192.81282257054488,506.1272667669219
200.690840527743,506.22857937433224
173.66389285520174,506.3298819358982
209.6894139639032,506.43117444928885
224.30101796400623,506.5324569121734
191.68706615855245,506.633729322221
202.94097125502043,506.7349916771007
182.67808536196915,506.8362439744817
156.74821723672528,506.937486212033
174.790952109264,507.038718387424
192.81282257054488,507.1399404983236
164.64448356970865,507.2411525424011
192.81282257054488,507.34235451732553
172.53675208869385,507.44354642076604
184.93081895622652,507.5447282503918
163.5166903602537,507.64590000387204
165.77219519090832,507.7470616788757
163.5166903602537,507.8482132730721
162.3888155533077,507.9493547841302
163.5166903602537,508.05048620971917
173.66389285520174,508.1516075475084
159.00470145597214,508.2527187951667
162.3888155533077,508.3538199503634
177.04482611896609,508.4549110107676
163.5166903602537,508.5559919740484
184.93081895622652,508.657062837875
188.30930877643164,508.7581235999165
170.2822259797443,508.859174257842
175.91792986059602,508.96021480932063
151.10557762848646,509.06124525202165
178.17164089419532,509.1622655836141
144.33171405617446,509.2632758017672
146.5899954758341,509.36427590414996
174.790952109264,509.4652658884316
157.87650016777994,509.56624575228125
151.10557762848646,509.667215493368
156.74821723672528,509.7681751093611
171.40952980007782,509.8691245979295
162.3888155533077,509.97006395674254
168.02737370575284,510.0709931834692
179.2983741961575,510.1719122757788
163.5166903602537,510.2728212313404
159.00470145597214,510.37372004782304
172.53675208869385,510.47460872289594
153.3628784975355,510.5754872542282
156.74821723672528,510.67635563948903
181.5515964200392,510.77721387634733
148.84794997740818,510.87806196247277
144.33171405617446,510.97889989553386
156.74821723672528,511.0797276732001
156.74821723672528,511.18054529314065
139.81417019663976,511.2813527530244
139.81417019663976,511.38215005052075
137.5549076259935,511.4829371832987
146.5899954758341,511.58371414902746
154.49140641043394,511.68448094537604
172.53675208869385,511.7852375700137
123.99245925057575,511.8859840206094
145.46089563495502,511.98672029483254
159.00470145597214,512.0874463903522
136.42515365228067,512.1881623048373
179.2983741961575,512.2888680359572
164.64448356970865,512.389563581381
164.64448356970865,512.4902489387779
175.91792986059602,512.5909241058168
163.5166903602537,512.6915890801671
182.67808536196915,512.7922438594976
164.64448356970865,512.8928884414778
156.74821723672528,512.9935228237766
169.154840618137,513.0941470040635
179.2983741961575,513.1947609800071
169.154840618137,513.2953647492769
154.49140641043394,513.3959583095419
155.61985265389598,513.4965416584714
157.87650016777994,513.5971147937344
170.2822259797443,513.697677713
165.77219519090832,513.7982304139374
154.49140641043394,513.8987728942158
157.87650016777994,513.9993051515042
166.89982523314208,514.0998271834719
161.26085913968862,514.200338987788
157.87650016777994,514.3008405621214
160.13282111026822,514.4013319041414
175.91792986059602,514.5018130115175
163.5166903602537,514.6022838819181
173.66389285520174,514.7027445130129
162.3888155533077,514.803194902471
143.2024507311812,514.9036350479613
149.97680465500068,515.0040649471532
177.04482611896609,515.1044845977156
165.77219519090832,515.2048939973176
160.13282111026822,515.3052931436285
190.5612283958608,515.4056820343177
198.44038474113114,515.5060606670537
164.64448356970865,515.6064290395061
164.64448356970865,515.706787149344
170.2822259797443,515.8071349942363
154.49140641043394,515.9074725718525
157.87650016777994,516.0077998798615
163.5166903602537,516.1081169159324
147.71901358717807,516.2084236777343
174.790952109264,516.3087201629367
168.02737370575284,516.4090063692083
180.42502603477917,516.5092822942185
179.2983741961575,516.6095479356363
245.63181552203181,516.7098032911309
264.6925427759078,516.8100483583717
253.48317415525347,516.9102831350273
268.05378180298436,517.0105076187672
279.2526802316684,517.1107218072605
307.21479262884804,517.2109256981761
347.3924528951982,517.3111192891834
361.87571560711797,517.4113025779517
332.89576762859963,517.5114755621496
310.5668811549691,517.6116382394467
298.27236845881436,517.711790607512
269.17403375413267,517.8119326640145
232.1631314069971,517.9120644066236
254.60447392830397,518.0121858330083
241.1435478380224,518.1122969408376
261.3305786994057,518.212397727781
344.0482566920422,518.3124881915072
389.6905577575268,518.4125683296854
403.0241818676268,518.5126381399851
395.2476107677975,518.6126976200753
354.07870131424846,518.7127467676249
330.6643146544931,518.8127855803033
299.39045177256105,518.9128140557796
320.61883055477375,519.0128321917227
229.9172181587107,519.1128399858021
218.68279217030627,519.2128374356868
234.40872089962846,519.3128245390454
201.81594651832393,519.412801293548
209.6894139639032,519.5127676968631
235.53139426849756,519.6127237466601
233.28596661659705,519.7126694406079
218.68279217030627,519.812604776376
189.43530927196997,519.9125297516331
211.93824534095708,520.0124443640487
175.91792986059602,520.1123486112917
201.81594651832393,520.2122424910314
180.42502603477917,520.3121260009367
180.42502603477917,520.4119991386771
173.66389285520174,520.5118619019215
205.19077701086263,520.611714288339
170.2822259797443,520.711556295599
208.56487651746585,520.8113879213704
186.05706362887852,520.9112091633224
199.56565327231573,521.011020019124
223.1775349010954,521.1108204864445
208.56487651746585,521.2106105629531
165.77219519090832,521.3103902463188
178.17164089419532,521.4101595342108
168.02737370575284,521.5099184242982
181.5515964200392,521.6096669142503
161.26085913968862,521.7094050017361
159.00470145597214,521.8091326844245
172.53675208869385,521.9088499599851
140.9436788095871,522.0085568260866
142.07310565171903,522.1082532803986
152.23426890645132,522.2079393205898
135.29531787572475,522.3076149443297
190.5612283958608,522.4072801492872
180.42502603477917,522.5069349331316
174.790952109264,522.6065792935317
161.26085913968862,522.706213228157
188.30930877643164,522.8058367346765
195.06409138469047,522.9054498107594
172.53675208869385,523.0050524540749
168.02737370575284,523.1046446622918
198.44038474113114,523.2042264330796
170.2822259797443,523.3037977641073
168.02737370575284,523.4033586530442
190.5612283958608,523.502909097559
165.77219519090832,523.6024490953213
156.74821723672528,523.7019786440001
166.89982523314208,523.8014977412643
164.64448356970865,523.9010063847835
139.81417019663976,524.0005045722263
139.81417019663976,524.0999923012622
178.17164089419532,524.1994695695603
139.81417019663976,524.2989363747898
160.13282111026822,524.3983927146196
173.66389285520174,524.497838586719
168.02737370575284,524.5972739887571
131.90531965059967,524.696698918403
157.87650016777994,524.796113373326
162.3888155533077,524.8955173511948
130.77515658455198,524.9949108496792
145.46089563495502,525.094293866448
164.64448356970865,525.1936663991702
161.26085913968862,525.293028445515
120.60000521837152,525.3923800031517
178.17164089419532,525.4917210697494
151.10557762848646,525.591051642977
169.154840618137,525.690371720504
162.3888155533077,525.7896812999993
154.49140641043394,525.888980379132
155.61985265389598,525.9882689555715
143.2024507311812,526.0875470269867
192.81282257054488,526.1868145910469
186.05706362887852,526.286071645421
216.43493435181753,526.3853181877785
256.84683143987553,526.4845542157881
244.5098698143516,526.5837797271192
216.43493435181753,526.6829947194409
236.65398673565912,526.7821991904225
202.94097125502043,526.8813931377327
229.9172181587107,526.9805765590412
284.84911435370043,527.0797494520168
229.9172181587107,527.1789118143287
225.42442000285857,527.2780636436459
199.56565327231573,527.3772049376378
219.80659944860793,527.4763356939733
173.66389285520174,527.5754559103216
171.40952980007782,527.674565584352
160.13282111026822,527.7736647137335
128.51458491999946,527.8727532961352
137.5549076259935,527.9718313292263
133.03540088266828,528.070898810676
133.03540088266828,528.1699557381534
161.26085913968862,528.2690021093275
166.89982523314208,528.3680379218677
160.13282111026822,528.4670631734427
125.12311347905394,528.5660778617222
152.23426890645132,528.665081984375
159.00470145597214,528.7640755390702
149.97680465500068,528.8630585234771
127.38417630637515,528.9620309352649
137.5549076259935,529.0609927721025
130.77515658455198,529.159944031659
119.4690234014057,529.2588847116041
166.89982523314208,529.3578148096061
122.86172313579259,529.4567343233348
155.61985265389598,529.5556432504591
138.68457980478684,529.654541588648
118.33795966947923,529.7534293355708
130.77515658455198,529.8523064888967
157.87650016777994,529.9511730462948
145.46089563495502,530.0500290054342
133.03540088266828,530.1488743639839
156.74821723672528,530.2477091196131
155.61985265389598,530.3465332699914
119.4690234014057,530.4453468127872
138.68457980478684,530.54414974567
162.3888155533077,530.6429420663089
117.20681401557053,530.7417237723732
136.42515365228067,530.8404948615319
135.29531787572475,530.9392553314541
143.2024507311812,531.038005179809
119.4690234014057,531.1367444042655
134.16540028845796,531.2354730024933
138.68457980478684,531.3341909721609
121.73090512745532,531.4328983109378
128.51458491999946,531.5315950164933
93.43381948076674,531.6302810864961
155.61985265389598,531.7289565186154
117.20681401557053,531.8276213105207
103.6266737763916,531.9262754598808
129.6449116768812,532.0249189643649
155.61985265389598,532.1235518216424
142.07310565171903,532.222174029382
151.10557762848646,532.3207855852531
138.68457980478684,532.419386486925
157.87650016777994,532.5179767320666
151.10557762848646,532.616556318347
128.51458491999946,532.7151252434355
140.9436788095871,532.813683505001
213.062539294358,532.912231100713
173.66389285520174,533.0107680282402
109.28650004490558,533.1092942852521
153.3628784975355,533.2078098694176
137.5549076259935,533.3063147784062
143.2024507311812,533.4048090098865
165.77219519090832,533.5032925615282
151.10557762848646,533.601765431
155.61985265389598,533.7002276159712
152.23426890645132,533.798679114111
162.3888155533077,533.8971199230886
130.77515658455198,533.9955500405725
139.81417019663976,534.0939694642328
145.46089563495502,534.1923781917382
159.00470145597214,534.2907762207576
120.60000521837152,534.3891635489606
173.66389285520174,534.487540174016
164.64448356970865,534.585906093593
142.07310565171903,534.6842613053608
125.12311347905394,534.7826058069886
134.16540028845796,534.8809395961453
153.3628784975355,534.9792626705002
174.790952109264,535.0775750277226
144.33171405617446,535.1758766654814
164.64448356970865,535.2741675814458
146.5899954758341,535.372447773285
156.74821723672528,535.4707172386679
133.03540088266828,535.5689759752639
157.87650016777994,535.6672239807423
156.74821723672528,535.7654612527716
164.64448356970865,535.8636877890217
153.3628784975355,535.9619035871611
149.97680465500068,536.0601086448594
170.2822259797443,536.1583029597854
140.9436788095871,536.2564865296084
151.10557762848646,536.3546593519977
137.5549076259935,536.4528214246222
121.73090512745532,536.550972745151
131.90531965059967,536.6491133112532
156.74821723672528,536.7472431205986
143.2024507311812,536.8453621708553
137.5549076259935,536.9434704596931
137.5549076259935,537.0415679847811
143.2024507311812,537.1396547437884
165.77219519090832,537.2377307343838
171.40952980007782,537.3357959542369
147.71901358717807,537.4338504010166
119.4690234014057,537.5318940723919
138.68457980478684,537.6299269660324
170.2822259797443,537.7279490796068
127.38417630637515,537.8259604107844
152.23426890645132,537.9239609572344
151.10557762848646,538.0219507166258
149.97680465500068,538.1199296866279
118.33795966947923,538.2178978649097
144.33171405617446,538.3158552491404
128.51458491999946,538.4138018369891
133.03540088266828,538.5117376261251
137.5549076259935,538.6096626142172
154.49140641043394,538.7075767989347
139.81417019663976,538.805480177947
118.33795966947923,538.9033727489228
137.5549076259935,539.0012545095316
153.3628784975355,539.0991254574424
136.42515365228067,539.1969855903243
148.84794997740818,539.2948349058463
129.6449116768812,539.3926734016779
128.51458491999946,539.4905010754879
186.05706362887852,539.5883179249457
155.61985265389598,539.6861239477204
138.68457980478684,539.7839191414809
148.84794997740818,539.8817035038966
186.05706362887852,539.9794770326363
139.81417019663976,540.0772397253696
143.2024507311812,540.1749915797653
165.77219519090832,540.2727325934928
110.41821934448735,540.3704627642209
137.5549076259935,540.468182089619
178.17164089419532,540.5658905673561
148.84794997740818,540.6635881951015
159.00470145597214,540.7612749705241
162.3888155533077,540.8589508912933
155.61985265389598,540.9566159550782
135.29531787572475,541.0542701595476
145.46089563495502,541.1519135023711
164.64448356970865,541.2495459812175
135.29531787572475,541.3471675937561
164.64448356970865,541.444778337656
179.2983741961575,541.5423782105863
133.03540088266828,541.6399672102164
164.64448356970865,541.7375453342149
168.02737370575284,541.8351125802513
151.10557762848646,541.9326689459949
161.26085913968862,542.0302144291145
137.5549076259935,542.1277490272794
164.64448356970865,542.2252727381588
134.16540028845796,542.3227855594214
146.5899954758341,542.4202874887369
142.07310565171903,542.5177785237744
139.81417019663976,542.6152586622027
144.33171405617446,542.712727901691
147.71901358717807,542.8101862399087
163.5166903602537,542.9076336745246
137.5549076259935,543.0050702032081
154.49140641043394,543.1024958236284
152.23426890645132,543.1999105334543
145.46089563495502,543.297314330355
149.97680465500068,543.394707212
151.10557762848646,543.4920891760581
114.9442769140056,543.5894602201986
128.51458491999946,543.6868203420905
159.00470145597214,543.7841695394031
159.00470145597214,543.8815078098053
127.38417630637515,543.9788351509666
154.49140641043394,544.0761515605558
151.10557762848646,544.1734570362422
149.97680465500068,544.2707515756948
152.23426890645132,544.368035176583
139.81417019663976,544.4653078365758
136.42515365228067,544.5625695533421
155.61985265389598,544.6598203245514
161.26085913968862,544.7570601478727
144.33171405617446,544.8542890209752
134.16540028845796,544.9515069415278
137.5549076259935,545.0487139071998
128.51458491999946,545.1459099156605
143.2024507311812,545.2430949645789
159.00470145597214,545.340269051624
128.51458491999946,545.4374321744651
146.5899954758341,545.5345843307714
184.93081895622652,545.6317255182116
173.66389285520174,545.7288557344556
152.23426890645132,545.8259749771718
159.00470145597214,545.9230832440298
171.40952980007782,546.0201805326985
169.154840618137,546.1172668408473
145.46089563495502,546.214342166145
149.97680465500068,546.311406506261
145.46089563495502,546.4084598588643
138.68457980478684,546.505502221624
164.64448356970865,546.6025335922095
152.23426890645132,546.6995539682895
169.154840618137,546.7965633475336
146.5899954758341,546.8935617276106
164.64448356970865,546.9905491061899
151.10557762848646,547.0875254809405
131.90531965059967,547.1844908495315
138.68457980478684,547.281445209632
146.5899954758341,547.3783885589113
182.67808536196915,547.4753208950385
197.31503492332934,547.5722422156825
162.3888155533077,547.6691525185129
153.3628784975355,547.7660518011984
182.67808536196915,547.8629400614083
186.05706362887852,547.9598172968118
188.30930877643164,548.056683505078
190.5612283958608,548.153538683876
187.18322689884934,548.2503828308751
179.2983741961575,548.3472159437441
175.91792986059602,548.4440380201523
189.43530927196997,548.5408490577692
152.23426890645132,548.6376490542632
188.30930877643164,548.734438007304
180.42502603477917,548.8312159145607
172.53675208869385,548.9279827737023
153.3628784975355,549.0247385823981
182.67808536196915,549.1214833383169
190.5612283958608,549.218217039128
162.3888155533077,549.3149396825006
219.80659944860793,549.4116512661041
231.04021525847122,549.5083517876069
197.31503492332934,549.6050412446788
181.5515964200392,549.7017196349888
188.30930877643164,549.7983869562061
196.1896038081016,549.8950432059994
210.8138702346113,549.9916883820383
211.93824534095708,550.0883224819918
205.19077701086263,550.184945503529
187.18322689884934,550.2815574443191
170.2822259797443,550.378158302031
164.64448356970865,550.4747480743342
155.61985265389598,550.5713267588977
172.53675208869385,550.6678943533907
196.1896038081016,550.764450855482
174.790952109264,550.8609962628411
199.56565327231573,550.9575305731372
186.05706362887852,551.0540537840388
193.93849764238982,551.150565893216
223.1775349010954,551.2470668983373
234.40872089962846,551.3435567970718
202.94097125502043,551.440035587089
217.55890380861527,551.5365032660577
200.690840527743,551.6329598316473
184.93081895622652,551.729405281527
159.00470145597214,551.8258396133656
184.93081895622652,551.9222628248322
178.17164089419532,552.0186749135964
151.10557762848646,552.115075877327
157.87650016777994,552.2114657136932
160.13282111026822,552.3078444203642
147.71901358717807,552.4042119950091
188.30930877643164,552.5005684352969
173.66389285520174,552.5969137388971
152.23426890645132,552.6932479034786
181.5515964200392,552.7895709267104
216.43493435181753,552.8858828062619
178.17164089419532,552.9821835398019
188.30930877643164,553.0784731249998
170.2822259797443,553.174751559525
216.43493435181753,553.2710188410462
172.53675208869385,553.3672749672326
178.17164089419532,553.4635199357534
174.790952109264,553.5597537442778
164.64448356970865,553.655976390475
204.06591474884542,553.7521878720139
209.6894139639032,553.8483881865637
196.1896038081016,553.9445773317938
181.5515964200392,554.040755305373
196.1896038081016,554.1369221049706
183.80449287065287,554.2330777282557
174.790952109264,554.3292221728975
145.46089563495502,554.4253554365652
201.81594651832393,554.5214775169277
181.5515964200392,554.6175884116543
163.5166903602537,554.7136881184139
159.00470145597214,554.8097766348761
168.02737370575284,554.9058539587097
179.2983741961575,555.0019200875839
187.18322689884934,555.097975019168
174.790952109264,555.1940187511309
183.80449287065287,555.2900512811418
156.74821723672528,555.38607260687
186.05706362887852,555.4820827259844
184.93081895622652,555.5780816361541
156.74821723672528,555.6740693350488
165.77219519090832,555.7700458203369
147.71901358717807,555.8660110896878
184.93081895622652,555.961965140771
200.690840527743,556.0579079712552
183.80449287065287,556.1538395788097
171.40952980007782,556.2497599611036
202.94097125502043,556.345669115806
143.2024507311812,556.441567040586
149.97680465500068,556.5374537331131
170.2822259797443,556.633329191056
171.40952980007782,556.729193412084
148.84794997740818,556.8250463938663
144.33171405617446,556.920888134072
177.04482611896609,557.0167186303702
174.790952109264,557.11253788043
171.40952980007782,557.2083458819208
184.93081895622652,557.3041426325112
156.74821723672528,557.3999281298709
191.68706615855245,557.4957023716687
175.91792986059602,557.5914653555739
163.5166903602537,557.6872170792556
166.89982523314208,557.782957540383
153.3628784975355,557.878686736625
173.66389285520174,557.9744046656509
184.93081895622652,558.07011132513
169.154840618137,558.1658067127311
238.89892901492132,558.2614908261237
240.02127885217385,558.3571636629766
292.6807496537776,558.4528252209591
275.89385532710276,558.5484754977405
272.5343066282196,558.6441144909896
261.3305786994057,558.7397421983758
298.27236845881436,558.8353586175681
354.07870131424846,558.9309637462355
461.77955028272544,559.0265575820476
573.1475704239285,559.1221401226732
653.1623377029525,559.2177113657813
658.6283775241275,559.3132713090413
552.2564607577066,559.4088199501224
531.3380385818659,559.5043572866934
498.2529588801277,559.5998833164239
444.06515096949704,559.6953980369826
423.0034262553151,559.790901446039
398.5808985278145,559.8863935412619
378.5705431298788,559.9818743203208
361.87571560711797,560.0773437808843
360.76209416222304,560.1728019206221
323.96804304618576,560.2682487372031
304.9796669353486,560.3636842282964
322.85171867454693,560.4591083915712
398.5808985278145,560.5545212246967
471.7351787506408,560.6499227253419
473.94668996125415,560.7453128911761
415.2367362660431,560.8406917198682
384.1315359766088,560.9360592090874
336.24234982466777,561.0314153565031
229.9172181587107,561.1267601597841
227.67098105649495,561.2220936165999
198.44038474113114,561.3174157246193
223.1775349010954,561.4127264815115
171.40952980007782,561.5080258849459
191.68706615855245,561.6033139325913
181.5515964200392,561.698590622117
151.10557762848646,561.7938559511921
160.13282111026822,561.8891099174858
151.10557762848646,561.9843525186672
179.2983741961575,562.0795837524055
147.71901358717807,562.1748036163697
149.97680465500068,562.2700121082289
142.07310565171903,562.3652092256524
143.2024507311812,562.4603949663094
128.51458491999946,562.5555693278689
156.74821723672528,562.650732308
126.25368582853294,562.745883904372
154.49140641043394,562.8410241146537
139.81417019663976,562.9361529365146
151.10557762848646,563.0312703676238
130.77515658455198,563.1263764056504
151.10557762848646,563.2214710482633
138.68457980478684,563.316554293132
144.33171405617446,563.4116261379255
149.97680465500068,563.5066865803126
162.3888155533077,563.6017356179631
147.71901358717807,563.6967732485455
144.33171405617446,563.7917994697293
146.5899954758341,563.8868142791836
146.5899954758341,563.9818176745775
144.33171405617446,564.0768096535802
140.9436788095871,564.1717902138606
118.33795966947923,564.2667593530881
119.4690234014057,564.3617170689316
149.97680465500068,564.4566633590607
168.02737370575284,564.551598221144
152.23426890645132,564.6465216528508
160.13282111026822,564.7414336518505
145.46089563495502,564.8363342158119
127.38417630637515,564.9312233424043
139.81417019663976,565.0261010292969
157.87650016777994,565.1209672741586
120.60000521837152,565.2158220746588
143.2024507311812,565.3106654284665
156.74821723672528,565.4054973332508
137.5549076259935,565.5003177866809
145.46089563495502,565.595126786426
159.00470145597214,565.6899243301552
166.89982523314208,565.7847104155376
130.77515658455198,565.8794850402425
162.3888155533077,565.9742482019386
173.66389285520174,566.0689998982956
149.97680465500068,566.1637401269821
161.26085913968862,566.2584688856676
187.18322689884934,566.3531861720212
180.42502603477917,566.447891983712
188.30930877643164,566.542586318409
180.42502603477917,566.6372691737816
165.77219519090832,566.7319405474988
170.2822259797443,566.8266004372297
192.81282257054488,566.9212488406433
164.64448356970865,567.0158857554092
188.30930877643164,567.110511179196
187.18322689884934,567.2051251096731
183.80449287065287,567.2997275445098
187.18322689884934,567.394318481375
206.3155580521866,567.4888979179378
206.3155580521866,567.5834658518676
200.690840527743,567.6780222808334
188.30930877643164,567.7725672025041
206.3155580521866,567.8671006145491
188.30930877643164,567.9616225146375
210.8138702346113,568.0561329004386
202.94097125502043,568.1506317696211
182.67808536196915,568.2451191198546
190.5612283958608,568.339594948808
181.5515964200392,568.4340592541504
181.5515964200392,568.5285120335512
164.64448356970865,568.6229532846792
183.80449287065287,568.7173830052037
159.00470145597214,568.8118011927938
164.64448356970865,568.9062078451188
174.790952109264,569.0006029598476
160.13282111026822,569.0949865346495
120.60000521837152,569.1893585671936
162.3888155533077,569.283719055149
145.46089563495502,569.3780679961848
155.61985265389598,569.4724053879703
152.23426890645132,569.5667312281745
144.33171405617446,569.6610455144665
134.16540028845796,569.7553482445156
148.84794997740818,569.8496394159907
121.73090512745532,569.9439190265614
142.07310565171903,570.0381870738963
119.4690234014057,570.1324435556647
139.81417019663976,570.226688469536
186.05706362887852,570.3209218131791
166.89982523314208,570.4151435842631
216.43493435181753,570.5093537804571
236.65398673565912,570.6035523994307
224.30101796400623,570.6977394388523
178.17164089419532,570.7919148963916
169.154840618137,570.8860787697176
168.02737370575284,570.9802310564994
121.73090512745532,571.0743717544062
162.3888155533077,571.1685008611071
133.03540088266828,571.262618374271
121.73090512745532,571.3567242915674
111.54985667453936,571.4508186106654
152.23426890645132,571.5449013292338
135.29531787572475,571.638972444942
128.51458491999946,571.7330319554593
123.99245925057575,571.8270798584545
138.68457980478684,571.921116151597
97.96479730990407,572.0151408325559
88.90152866308783,572.1091538989999
112.68141204168168,572.2031553485989
130.77515658455198,572.2971451790214
90.03472448003359,572.3911233879368
103.6266737763916,572.4850899730142
112.68141204168168,572.5790449319229
107.02281551096101,572.6729882623317
103.6266737763916,572.7669199619102
120.60000521837152,572.860840028327
83.23431820654272,572.9547484592516
121.73090512745532,573.048645252353
110.41821934448735,573.1425304053005
86.63489077100282,573.2364039157628
91.16783821824009,573.3302657814097
103.6266737763916,573.4241159999099
101.36216925705291,573.5179545689325
93.43381948076674,573.611781486147
117.20681401557053,573.7055967492222
113.81288545259201,573.7994003558274
82.10062980355804,573.8931923036316
119.4690234014057,573.986972590304
107.02281551096101,574.0807412135138
103.6266737763916,574.1744981709302
103.6266737763916,574.268243460222
100.22979396985299,574.3619770790586
101.36216925705291,574.4556990251093
100.22979396985299,574.549409296043
119.4690234014057,574.6431078895289
91.16783821824009,574.7367948032362
118.33795966947923,574.8304700348339
103.6266737763916,574.9241335819909
121.73090512745532,575.017785442377
93.43381948076674,575.1114256136608
127.38417630637515,575.2050540935118
114.9442769140056,575.2986708795988
66.22036774200205,575.3922759695912
78.69907187799302,575.4858693611578
95.69947249592194,575.5794510519682
90.03472448003359,575.6730210396913
78.69907187799302,575.7665793219961
116.07558643271508,575.8601258965521
84.36792449862774,575.9536607610279
91.16783821824009,576.0471839130932
127.38417630637515,576.1406953504169
107.02281551096101,576.234195070668
126.25368582853294,576.3276830715158
180.42502603477917,576.4211593506296
189.43530927196997,576.5146239056781
169.154840618137,576.6080767343308
136.42515365228067,576.7015178342568
127.38417630637515,576.7949472031249
107.02281551096101,576.8883648386047
129.6449116768812,576.9817707383652
121.73090512745532,577.0751649000754
100.22979396985299,577.1685473214045
117.20681401557053,577.2619180000216
108.15469876923164,577.355276933596
101.36216925705291,577.4486241197966
96.83217592513543,577.5419595562928
107.02281551096101,577.6352832407534
101.36216925705291,577.7285951708479
86.63489077100282,577.8218953442454
117.20681401557053,577.9151837586147
99.09733665614975,578.0084604116253
111.54985667453936,578.1017253009461
76.43095594694395,578.1949784242464
84.36792449862774,578.2882197791952
85.50144868502419,578.3814493634618
111.54985667453936,578.474667174715
108.15469876923164,578.5678732106245
79.83300664434455,578.661067468859
113.81288545259201,578.7542499470877
111.54985667453936,578.8474206429798
100.22979396985299,578.9405795542045
108.15469876923164,579.033726678431
86.63489077100282,579.1268620133282
94.56668701640046,579.2199855565652
84.36792449862774,579.3130973058114
80.96685928452244,579.4061972587358
88.90152866308783,579.4992854130077
99.09733665614975,579.592361766296
76.43095594694395,579.68542631627
97.96479730990407,579.7784790605987
58.274197133546316,579.8715199969513
67.35520621109028,579.964549122997
97.96479730990407,580.057566436405
104.7588030209007,580.150571934844
116.07558643271508,580.2435656159839
76.43095594694395,580.336547477493
76.43095594694395,580.4295175170411
88.90152866308783,580.5224757322969
77.56505498049654,580.6154221209299
94.56668701640046,580.708356680609
66.22036774200205,580.8012794090034
79.83300664434455,580.8941903037822
92.3008698832754,580.9870893626145
92.3008698832754,581.0799765831698
84.36792449862774,581.1728519631166
92.3008698832754,581.2657155001245
71.8937383560604,581.3585671918627
75.29677477248438,581.451407036
78.69907187799302,581.5442350302056
111.54985667453936,581.637051172149
83.23431820654272,581.7298554594989
93.43381948076674,581.8226478899246
121.73090512745532,581.9154284610955
69.62463662102911,582.0081971706802
85.50144868502419,582.1009540163482
88.90152866308783,582.1936989957685
80.96685928452244,582.2864321066105
53.73171967746611,582.379153346543
79.83300664434455,582.4718627132353
103.6266737763916,582.5645602043566
93.43381948076674,582.6572458175758
40.09639283103858,582.7499195505623
99.09733665614975,582.8425814009851
78.69907187799302,582.9352313665133
85.50144868502419,583.0278694448162
99.09733665614975,583.1204956335629
92.3008698832754,583.2131099304225
94.56668701640046,583.3057123330641
85.50144868502419,583.3983028391567
91.16783821824009,583.4908814463696
88.90152866308783,583.5834481523722
83.23431820654272,583.676002954833
77.56505498049654,583.7685458514219
65.08544709107476,583.8610768398074
75.29677477248438,583.953595917659
95.69947249592194,584.0461030826457
74.16251145232725,584.1385983324367
78.69907187799302,584.231081664701
78.69907187799302,584.3235530771079
73.02816598174246,584.4160125673266
67.35520621109028,584.5084601330258
85.50144868502419,584.6008957718751
96.83217592513543,584.6933194815435
56.00312284111241,584.7857312597002
73.02816598174246,584.8781311040144
108.15469876923164,584.9705190121548
82.10062980355804,585.0628949817911
83.23431820654272,585.155259010592
90.03472448003359,585.2476110962269
80.96685928452244,585.3399512363648
82.10062980355804,585.432279428675
92.3008698832754,585.5245956708263
94.56668701640046,585.6168999604884
85.50144868502419,585.7091922953299
126.25368582853294,585.8014726730203
155.61985265389598,585.8937410912284
114.9442769140056,585.9859975476236
91.16783821824009,586.078242039875
102.49446252384712,586.1704745656516
77.56505498049654,586.2626951226229
84.36792449862774,586.3549037084574
143.2024507311812,586.4471003208248
97.96479730990407,586.5392849573941
103.6266737763916,586.6314576158344
80.96685928452244,586.7236182938148
88.90152866308783,586.8157669890044
74.16251145232725,586.9079036990724
96.83217592513543,587.000028421688
88.90152866308783,587.0921411545203
76.43095594694395,587.1842418952383
71.8937383560604,587.2763306415113
97.96479730990407,587.3684073910085
82.10062980355804,587.4604721413989
108.15469876923164,587.5525248903516
99.09733665614975,587.6445656355359
68.48996250264408,587.7365943746207
80.96685928452244,587.8286111052753
117.20681401557053,587.9206158251691
107.02281551096101,588.0126085319706
92.3008698832754,588.1045892233494
84.36792449862774,588.1965578969747
92.3008698832754,588.2885145505154
61.680192005129776,588.3804591816406
92.3008698832754,588.4723917880196
99.09733665614975,588.5643123673216
93.43381948076674,588.6562209172155
110.41821934448735,588.7481174353707
130.77515658455198,588.840001919456
213.062539294358,588.9318743671408
473.94668996125415,589.0237347760943
490.5231874063051,589.1155831439854
281.4914949165279,589.2074194684834
181.5515964200392,589.2992437472574
160.13282111026822,589.3910559779765
126.25368582853294,589.4828561583098
235.53139426849756,589.5746442859268
419.67531430285925,589.666420358496
268.05378180298436,589.758184373687
177.04482611896609,589.8499363291688
142.07310565171903,589.9416762226106
126.25368582853294,590.0334040516815
112.68141204168168,590.1251198140507
103.6266737763916,590.2168235073871
92.3008698832754,590.3085151293602
93.43381948076674,590.4001946776389
68.48996250264408,590.4918621498922
80.96685928452244,590.5835175437895
120.60000521837152,590.6751608569999
82.10062980355804,590.7667920871926
63.950444254064884,590.8584112320366
107.02281551096101,590.950018289201
60.54494258502407,591.041613256355
65.08544709107476,591.1331961311679
66.22036774200205,591.2247669113085
85.50144868502419,591.3163255944462
88.90152866308783,591.4078721782502
60.54494258502407,591.4994066603894
77.56505498049654,591.590929038533
74.16251145232725,591.6824393103502
83.23431820654272,591.7739374735102
92.3008698832754,591.8654235256819
91.16783821824009,591.9568974645347
82.10062980355804,592.0483592877376
104.7588030209007,592.1398089929597
91.16783821824009,592.2312465778704
80.96685928452244,592.3226720401385
90.03472448003359,592.4140853774334
80.96685928452244,592.505486587424
69.62463662102911,592.5968756677796
87.76825076189404,592.6882526161693
101.36216925705291,592.7796174302623
73.02816598174246,592.8709701077277
93.43381948076674,592.9623106462343
104.7588030209007,593.053639043452
100.22979396985299,593.144955297049
93.43381948076674,593.2362594046953
82.10062980355804,593.3275513640596
83.23431820654272,593.418831172811
85.50144868502419,593.5100988286189
103.6266737763916,593.6013543291521
70.75922857067205,593.69259767208
82.10062980355804,593.7838288550714
80.96685928452244,593.8750478757962
91.16783821824009,593.9662547319226
86.63489077100282,594.0574494211204
90.03472448003359,594.1486319410585
91.16783821824009,594.2398022894059
76.43095594694395,594.330960463832
76.43095594694395,594.4221064620058
93.43381948076674,594.5132402815965
95.69947249592194,594.6043619202729
105.89085026364694,594.6954713757049
87.76825076189404,594.7865686455608
83.23431820654272,594.8776537275103
67.35520621109028,594.9687266192223
83.23431820654272,595.0597873183659
60.54494258502407,595.1508358226106
74.16251145232725,595.241872129625
69.62463662102911,595.3328962370786
109.28650004490558,595.4239081426402
66.22036774200205,595.5149078439797
53.73171967746611,595.6058953387653
54.867462370043135,595.6968706246666
61.680192005129776,595.7878336993527
63.950444254064884,595.8787845604928
68.48996250264408,595.9697232057559
45.77921833037134,596.0606496328114
54.867462370043135,596.151563839328
40.09639283103858,596.2424658229752
42.36976980162878,596.333355581422
52.595894759754216,596.4242331123374
44.64281774038624,596.5150984133909
46.91553667157643,596.6059514822513
38.95958095149897,596.696792316588
61.680192005129776,596.78762091407
54.867462370043135,596.8784372723663
60.54494258502407,596.9692413891464
38.95958095149897,597.060033262079
74.16251145232725,597.1508128888336
56.00312284111241,597.2415802670791
34.41151074016211,597.3323353944847
48.051772767191835,597.4230782687198
53.73171967746611,597.5138088874531
36.68571038986915,597.6045272483541
49.187926620470506,597.6952333490916
61.680192005129776,597.7859271873351
45.77921833037134,597.8766087607535
40.09639283103858,597.9672780670161
53.73171967746611,598.0579351037917
54.867462370043135,598.1485798687498
40.09639283103858,598.2392123595595
27.586937060450328,598.3298325738898
60.54494258502407,598.4204405094099
12.790197253946753,598.511036163789
21.897529342683207,598.601619534696
46.91553667157643,598.6921906198003
10.512541124299288,598.7827494167709
37.82268680535884,598.8732959232769
28.72457172207362,598.9638301369878
27.586937060450328,599.0543520555722
18.482897114110823,599.1448616766995
34.41151074016211,599.235358998039
27.586937060450328,599.3258440172597
-2.020453400228404,599.4163167320306
25.31142086141311,599.506777140021
32.136981981655396,599.5972252388998
12.790197253946753,599.6876610263364
28.72457172207362,599.7780845000001
29.862124094645402,599.8684956575595
7.095439556449642,599.9588944966841
29.862124094645402,600.0492810150431
36.68571038986915,600.1396552103054
18.482897114110823,600.2300170801403
11.651410346568843,600.320366622217
21.897529342683207,600.4107038342045
17.344521760872016,600.5010287137718
23.035575480904356,600.5913412585884
11.651410346568843,600.681641466323
23.035575480904356,600.771929334645
12.790197253946753,600.8622048612237
24.173539319841787,600.952468043728
19.621190161042374,601.0427188798271
25.31142086141311,601.1329573671901
18.482897114110823,601.2231835034863
12.790197253946753,601.3133972863844
0.25901377712830354,601.4035987135542
4.816960249807918,601.4937877826642
32.136981981655396,601.5839644913839
16.206064099732252,601.6741288373825
-0.8806786493058513,601.7642808183289
7.095439556449642,601.8544204318923
16.206064099732252,601.9445476757419
2.5381516587640043,602.0346625475469
-0.8806786493058513,602.1247650449762
19.621190161042374,602.2148551656992
1.3986238796155914,602.3049329073849
-7.720562036456585,602.3949982677025
1.3986238796155914,602.485051244321
-10.001181773849716,602.5750918349097
-3.1603104761143297,602.6651200371376
-7.720562036456585,602.7551358486741
-19.126953766450068,602.8451392671881
-19.126953766450068,602.9351302903486
5.956241063250864,603.0251089158252
4.816960249807918,603.1150751412864
13.928901847700473,603.205028964402
10.512541124299288,603.2949703828408
-3.1603104761143297,603.384899394272
1.3986238796155914,603.4748159963647
-14.563409164678475,603.564720186788
10.512541124299288,603.6546119632112
-12.28213081684256,603.7444913233032
19.621190161042374,603.8343582647334
-6.580375657301802,603.9242127851707
-2.020453400228404,604.0140548822844
